x,y,class
0.0980342496912483,-1.145064918681711,0
1.5202817621415532,1.2565362680874288,1
-0.7743231989439345,0.34114378797214373,1
-2.36372492562477,-0.8765483975585395,0
-1.6376513810326252,0.9453468061660909,1
0.9890993862700526,-0.9660618057369126,0
1.161412719596339,1.0790196532963152,1
-0.0024943778477048983,-0.6800967369610732,0
1.3118986119488252,-1.3884257882403497,0
-0.6495204790635785,-1.4358074015084639,0
0.7301093253559868,-0.9577977491140661,0
2.016023432183512,1.4984148338691152,1
-0.9194979732953615,1.1909061136099015,1
-1.3574762559183675,0.9368308290629965,1
0.5289759907164088,-0.9263738011427123,0
-2.2418252745863767,0.894081658181893,1
0.8999135214334405,-1.0537147833998521,0
-0.567040159620319,-0.7552143369951413,0
1.7461475205825365,1.363401757467306,1
1.632103598832825,1.3163743571414264,1
1.2568728477882487,-1.7354492628657103,0
-1.9239708360369892,-0.7368765983480876,0
3.4285138927699097,-0.902613537831578,0
0.9709311549610792,0.9983232923931084,1
0.5860088302487199,0.7891115971771149,1
-1.8714622526223392,-0.7104114282634038,0
-2.718262879792364,-0.7356600952879933,0
0.20235226958061947,1.8154033548962962,1
-0.9864925882097364,1.5835387638093859,1
0.5574027515380804,-1.8769973707519376,0
-1.1034217820927645,1.234983814157476,1
0.07314861684258278,-0.9058172180280364,0
-1.012031589445384,0.021804078810993555,1
0.22174045135856324,-0.8517501349222786,0
0.9442697147173446,-1.4666565675174772,0
0.13771869738708542,0.5694423279289962,1
-1.231914117658134,-0.9762224862145628,0
2.066511809789813,-1.3243181501967436,0
-1.51710806263732,-0.9496192324125325,0
0.7739781629758143,0.8823002625657241,1
0.5163879610913809,-2.106262657426809,0
-0.4154033891774457,-1.373722264417681,0
0.39804707877415346,-1.6062210487168844,0
1.0846163962397817,1.034391620370429,1
1.153810941856623,1.0758967773956385,1
0.19551284968230997,-1.2777010870499657,0
1.0675965197600203,0.026858806038119853,0
-1.36082755649121,0.3383437814442263,1
-1.7023311064035012,0.8024166261554617,1
-1.6632474300641662,0.052938191409466095,1
1.5441017332841755,1.2634297234517975,1
-0.9805764661394551,1.0439212727096299,1
-2.099680426488452,-0.7731171327803142,0
0.0031523835085991436,-0.9945024719380356,0
-0.8835311707746781,1.8736290742544668,1
-1.0954599921859776,-0.9397634591335808,0
0.6036830386377037,-0.7857477559221385,0
0.9406406346546672,0.9658547328786317,1
-0.010287799867254144,-1.1268097209668748,0
-0.7650138517246847,2.0502328772694534,1
3.650835554245726,2.3061768249925034,1
-0.033048953727038644,2.597216250080042,1
-0.09264220041739524,-0.6593989911624433,0
1.4166409451401227,1.201223591157217,1
-1.2809159259228888,-0.34272687136490254,1
-1.5387469902538549,0.3341085388203098,1
2.596267825454216,1.7816135170157628,1
0.8174296035031434,-1.0675550850704678,0
-0.5765015277210372,-0.8277093017999191,0
1.9129240892226047,1.458034676769031,1
-2.1569702799350248,0.941252522942176,1
-2.867743610760316,-0.6623092517497453,0
0.9822293471345029,0.9911085319990193,1
-0.9155051334012401,1.334049213858429,1
0.4099463143916465,-0.7473116640804265,0
-1.1985937802071307,-0.7687716274892644,0
-1.19246794534119,-1.2951708696453785,0
0.7830273969398259,0.8965356704670743,1
-1.5190812146564001,-0.6206012163537402,0
-0.5405225285045054,0.23064308130716604,1
-0.9810617700144847,-1.1197115711214298,0
1.243986357898922,1.1163762857769137,1
1.675688793773609,-1.270946034958924,0
0.6834698812251732,0.846608684808253,1
0.255216125613442,0.6130660464129742,1
-0.05681611064218628,-1.4592942315406576,0
-1.083996706924696,-0.9326831921326321,0
-1.890532005164761,-0.677107258857366,0
-1.6903565134244383,-0.8832798950047933,0
-0.3534659083654147,-0.9621912839112796,0
2.4763043760428767,1.71414595458358,1
-1.4149229956344997,1.419916050779733,1
0.8054134451734845,-1.2519949133703894,0
-0.4533186625069474,-0.807953247937492,0
0.7018601862713134,0.8395629750318171,1
-0.9514950154305416,-1.3431412874891668,0
-1.0207592632813547,0.35800632764483986,1
0.13337697151935757,-0.9818467154692102,0
-1.5129834317873694,-0.9459288093075717,0
-1.686074134479412,0.10782250783371705,0
2.0847745657950787,-0.4906538998243133,0
-0.12283679196485153,-1.052370401282162,0
-0.08024348076860655,0.47219692270085567,1
1.5691696687540326,-1.9040336649569485,0
1.4138852928692551,1.1991018962908222,1
-1.109065867176722,-0.5611868249616214,1
-2.2215843995579974,-0.7850478025944221,0
0.9926514705357836,-1.3698649558652156,0
0.32787787975028193,1.0941847193856455,1
0.9200853747411378,-1.3462064570686434,0
2.245819130239879,-2.0424164303131547,0
-2.140404514672804,-1.21133405720083,0
-0.6627277073578343,-1.0845276789711442,0
2.302875612093627,-0.613258141342607,0
2.3977913671729176,-0.4569321753460004,0
-1.7668622875692508,0.4210638916097924,1
2.0464019615061018,1.5110527157405493,1
-0.20650226432436458,0.4112766816602508,1
0.9398251266521478,-1.438292078606282,0
1.0640624433032153,-1.1596946113102358,0
0.9472680580122288,-1.1228827149731413,0
-0.33237396920895645,1.6701936989129962,1
-0.12907043660597695,-0.8315063671070956,0
2.5473435712473984,-1.342695138773889,0
-1.1433014156877868,1.4630677531921843,1
0.6494971054684199,0.8408250182422462,1
-2.043195415199505,-0.7735576802163419,0
2.0003666283397328,1.4915314502416792,1
-0.1283510172083384,0.44567815340519423,1
-0.7467005259908538,-0.7809024963946885,0
0.8710279352520005,0.9415008525551274,1
0.40530811013894197,1.2996929200638823,1
-2.896409262749552,0.053418049649426314,1
-1.4342851153274832,-0.17812899437348761,1
-0.32757425341244384,-0.9299274711997242,0
-1.6691959738640616,-0.5793162546967421,1
0.38740179563524424,0.7016703160485145,1
0.13271464583385095,0.5628779331970533,1
0.7355618816599188,0.8651928417227954,1
-1.3485757888027767,-0.8318679486028986,0
-0.9063834904632192,2.104498086427186,1
-1.5924429237344455,-0.7718792237352434,0
-1.492813883538223,0.1950036782659863,1
0.39361022822682323,0.6979101784045023,1
1.264695598906242,-1.1178830396350241,0
-0.7577950256012066,0.7031542161089863,1
1.6941283660889406,1.3316667308789634,1
-0.5594165666930067,0.4868615621098552,1
-0.530119491097661,-0.02413137418280742,0
-0.10717726238622771,-1.2843051513259391,0
-0.3920794893352063,-1.1892956196047355,0
-0.24539506935264366,2.663619743693456,1
0.04643084641698625,-1.468701311315565,0
-0.7793371709883944,1.4459149402320515,1
-1.1997706036286049,1.915721470256622,1
0.9180592640840504,0.945755994043479,1
0.3568550528528365,-1.8332556038096794,0
1.0466772037187382,1.0150229837663494,1
-0.4451720411978748,-1.0351326711919495,0
1.5293534022201514,1.2522987961346446,1
-1.4372723441647044,0.7656579740207025,1
-1.1827163534176748,-0.9364918130661712,0
0.3180662092900379,0.6682198291697361,1
1.9992631444311755,1.496495082351846,1
-2.4270620075531673,-0.9793440809962672,0
0.05369677998780298,-0.9739235307993467,0
-0.02427017021907396,0.48526792001992136,1
-0.14056424821858426,-1.1057238398967932,0
-2.0924843961311312,0.17195786281495395,1
0.16087505068792063,-1.059297299717773,0
-1.7582878362020329,0.16991209199987845,1
0.19828517427964765,-1.1540925279477423,0
2.3341039977422584,1.6514755073484824,1
1.6776988967353639,1.339466836870896,1
-1.0841229598007613,-1.50636480153165,0
-1.0882021310624916,0.6621409845955843,1
0.3593019452895838,-0.5476593596035024,0
-2.1424196858399256,-0.6758947496409058,0
2.7929662234961095,-1.1102552385806315,0
-2.6787847863451906,-0.7607080483417428,0
-0.6422868722061299,1.9875054985197633,1
-1.1535517892875051,0.8381741881396249,1
1.6652201218588307,1.3424797828326063,1
0.8656747068457625,-0.8651749977141651,0
0.6628636344561276,0.8449528016720156,1
-0.6788295791585401,0.16952424632109564,1
0.04760501662597538,-0.07379539463355711,0
2.1800717001636514,-1.267582998180679,0
-0.5854664508016147,-0.2708318033526813,1
-0.970766455955028,1.7646575688968862,1
-1.7950329743302451,0.360028512154565,1
0.5194442803332796,0.7566448427754798,1
1.8817844744835466,1.4323244626655838,1
-2.4142134725627997,-1.0228408616920381,0
-0.8470137712791155,-0.30452749073721286,1
-1.7363575348376603,-0.8919244788210506,0
-0.6618646270329192,-1.0412947932702428,0
-0.874208556857648,1.3961220910395231,1
-1.869744430031913,0.20968909132450098,1
-0.9692855946587462,-1.1761502874395837,0
-0.6256297932130466,0.20663669858735778,1
0.703032678454681,0.8550707928868428,1
-0.49537026118136607,1.2868121958510659,1
-1.3714228693437813,-1.4763124688435394,0
1.3105914186265268,-2.097055861502355,0
0.24642675568968142,-0.9182989163729571,0
-0.7195720315784688,0.14830678867863178,1
-0.12361779506664539,2.0058513966702787,1
-1.8022034348789742,-0.7274996799359748,0
0.7779562496878374,-0.7946047934361014,0
0.11358362533541022,0.5532419480756601,1
-1.0191394566707668,-1.189495053883318,0
-0.9101177530907261,-1.138671542799285,0
1.2810532835007102,-1.6820464236733033,0
-0.3811243409291255,1.4605766801379332,1
1.0806963205462035,-0.6866171405421282,0
0.0012915262592554377,-0.9100354493366711,0
0.3819489830438998,0.6875293530235798,1
-0.7602193123822653,2.0132038554224474,1
-1.085056350216728,1.0639890431880727,1
-1.6934764423024236,-1.238834394269958,0
-0.8619392818801734,-0.8869774799630145,0
0.9618383097323238,-1.6850570451338247,0
-0.5452828983596297,1.1704755238854216,1
0.3706504811709408,-1.4505842196203549,0
-0.7794382688944743,-0.4659136180181608,0
-1.0065196582265132,-1.1628508418815438,0
-0.45161639350675464,-0.8458568479713691,0
-0.3125207225820996,1.299443498419682,1
-1.711990802478462,-0.7371119535272678,0
-0.663641668528478,0.9436708842979333,1
0.03304768771821176,0.5269251827944548,1
-1.1063682205567769,0.9507923450133363,1
-0.5906313454643217,-0.8417624676424968,0
-0.3427029516624387,0.3393853448791069,1
-0.09424967284793251,-0.4535820721359062,0
1.3418616725116768,-0.062343632117532244,0
1.9339797446752232,1.4732242914940812,1
2.586475063143661,-1.2489815706908893,0
0.2293450948016068,-1.2983154376437238,0
2.2093194015542785,-1.5728397856621816,0
0.4952342761715549,-0.6108909460695684,0
3.001424444717638,-1.1531864992482839,0
-2.530335074524457,-0.6538592007713335,1
-1.0874194142121774,-0.03773111636705928,1
0.4299713050098921,-1.8145929303372412,0
2.1645324619343747,-1.0467851186303645,0
1.4150751802930959,-1.0328595829239162,0
0.7087834244997258,-1.5242198797600803,0
-2.5465555972868508,-0.7048626761085452,1
-0.719019684927796,-0.906880217439475,0
0.21741064702299806,0.6069135427848341,1
1.8865945232716559,1.4319802146408669,1
0.8545741097916659,0.9228375470935071,1
1.9704170582689327,1.473660674149447,1
1.4209414249399233,-1.529865989583841,0
-1.6115424212063119,-0.5263783076378413,0
1.1492771853495007,-0.7041268917533519,0
-1.5926849660208657,-0.6633187151348403,1
-1.6951054815057507,-1.1058111635740024,0
-1.40784997931526,2.201743931432807,1
-1.2925181588655865,1.5189585352679515,1
0.4770044299243401,-1.4306927095012705,0
0.5986514917615682,-1.2000079941035429,0
1.7066157970334008,1.342813143587554,1
0.26826989390535805,0.6441625708580697,1
-0.2202620614499231,-1.1241448217711203,0
-0.999571799757168,-1.0765454708897635,0
-1.2551112959538195,2.261974259930602,1
0.7187442645515814,0.8514194116404565,1
0.7161019949749825,-1.1716217481127582,0
-0.48341176975962863,0.7987710785360768,1
-0.9569070631853573,2.0737729909107423,1
1.3605138162946937,1.1654053559729494,1
-1.3440408577948402,-1.412498739395283,0
-1.054656870489665,-0.8479665638450068,0
0.014747660934639306,-1.1250974701059469,0
2.21603351377143,-0.7276351643401521,0
-1.8092129618103743,-0.9751442654847322,0
0.7381057330970846,-0.8015303258249221,0
1.1437414665990664,-0.9860269832494131,0
0.48603701759263995,0.7403253645539261,1
-0.42165755569458674,1.0930812712480402,1
0.10987109503569203,0.5478269518085913,1
-2.176652991347984,-0.7383038357057341,0
0.8709976865083964,-0.519175526455121,0
-0.8254124354685064,1.6349702841204887,1
0.17042823513866012,1.0695062887822027,1
-0.24841876882537717,1.3152222711314339,1
-0.3446426818609212,-1.2259720527762794,0
-1.3998595184722642,-1.1860179769484664,0
0.2365485656146804,-1.779419740322873,0
-0.7680016736719679,-0.3574561165760243,0
-1.8271272273522317,-1.2230373003294968,0
-0.7472900289394568,-1.3651740875898863,0
-0.14751701119307248,-1.3267745131331337,0
0.5528198217359466,0.7878249251508924,1
1.0366006093033642,1.015937902358268,1
-0.4002227434895491,0.13098725797835198,1
2.5139834048946197,1.7289970629549445,1
-1.3275292290700982,-1.170528638710034,0
-0.9618976688118671,2.291870204541767,1
-1.0343419916438696,-0.9399467845971338,0
-1.0371032576188124,0.32283745073738745,1
-0.5822110704914204,-0.5394571105601762,1
-0.6028450938305723,-1.5574200381033494,0
-1.1002449390599636,1.4322328227900594,1
-0.14656942880725654,-0.681425446522196,0
3.824382381040458,-0.6200430893225515,0
-3.274091994107127,-0.5657998340426831,0
-1.7136617487740513,-0.4021431253696637,1
1.1936104861483317,-1.3319928155181362,0
3.185521284434281,-0.3008337829229185,0
-0.28596614484405103,1.5501036157895198,1
1.7426881086366615,0.15470108357691092,0
-1.5412176850915187,1.3624234516582154,1
-0.5373439136205804,0.9122756438532887,1
1.2028958806501677,1.086412230420132,1
-0.3523189080520256,1.178618902822696,1
-0.5795315576981523,2.0692617123124935,1
-1.8629075338464043,-1.0836884158344515,0
-1.5327146139780905,1.1057884071236095,1
-0.8673358384794532,1.9761964585725582,1
-0.6451253643446726,0.18581362403566692,1
2.2238544107075375,1.6012209071278303,1
-0.3718281989362554,2.6646079842020596,1
-0.5083958904790986,0.7621496103615186,1
1.4211720673616202,-0.9035736647480104,0
-0.3239793726971467,-1.1208612530371012,0
-0.9247181459775085,-0.8883843032560264,0
0.10124966027191895,-1.1364017485581999,0
2.0441668145556644,-0.02544864061675911,0
1.1793084648427212,1.0862020847352662,1
0.3753857031489197,-1.3823077167618019,0
-0.6389147748104629,0.20289548526181622,1
-2.7879392087980284,-0.6994898100967206,0
2.126535384482465,-0.8713313616535465,0
1.3276436447050404,1.1655972760796238,1
0.5352936363501194,0.7659415154864606,1
-0.9204174750772822,1.4217605744767963,1
0.5918806796092946,-0.8933801756971073,0
-1.1638375218805523,-1.11383273676246,0
-1.3396380924580336,2.3263906991690115,1
1.7045319298821586,1.3479725053864535,1
-1.2160716590917415,1.1588439964044,1
0.6364034629532179,-1.0752225570916265,0
1.7224475083459747,-1.2307400640535056,0
-0.9353860324516108,0.062287816951358876,1
-0.4502004301316944,1.2846439581398048,1
1.1447816712636611,-1.5214433948855328,0
2.2831817773583465,1.6155643749760942,1
1.0948326067112641,1.0440564281967797,1
-2.829288235002845,-0.2622433998746292,1
-0.516391462140225,0.28341653472484596,1
0.48779546596400636,0.7380194284343551,1
-0.08474701267756934,1.4767953224048984,1
2.001834180704165,1.494970484864055,1
-0.8196311212117127,0.09261718746605929,1
-0.5935906717259032,0.18670826310837674,1
-0.8424249725799292,0.6675111413692043,1
-0.8895949441252634,0.9099453836670991,1
-1.1520244833054665,-1.3817473821534108,0
-0.807076813312054,-1.0013690087365494,0
1.903455037547641,1.4384570786694937,1
1.0541017624515276,0.017562244843461805,0
-1.344550508249152,-0.8025740925895395,0
-0.7871887761778054,-1.578404185561547,0
-0.9202350031721944,-1.468469708646551,0
-1.0569155659126972,-0.017106547041931597,1
0.05905509956633237,-0.9906313773256161,0
1.6038837651472777,-1.8336586045416399,0
0.6230282551799944,-0.8471242928299221,0
-1.747458387648713,1.1585791110852397,1
1.0484303550271745,1.0210238499493902,1
1.8508736752809494,-0.5289045653066241,0
-0.24391683513893325,-1.2186294212832922,0
0.8273862922409198,-0.7571178213508004,0
0.7081150914294826,0.8555133993444191,1
-0.34425596384423074,0.9810304350080951,1
-0.9569687148754985,0.7746291104672406,1
1.3454560997939968,1.1597228954424195,1
1.6829280502711976,-0.2526846282080296,1
0.05814823986326911,-0.6240406476364315,0
-0.8568741890826477,-1.1398641211125669,0
2.919624207156226,-1.3138142122261045,0
0.505694989630553,0.7565769518050125,1
0.988026922198867,0.9911130932286151,1
1.6535131020891183,1.3260224553892739,1
-0.046379092660185695,0.4909847549007288,1
-1.0761756614506865,-0.9144661586265116,0
1.8238479571345019,-1.3283497680219183,0
1.99178069763926,-0.3706995295473746,0
0.9012561882644512,0.9522448427982265,1
-1.1290188829900014,0.8709955507673177,1
-0.8237239020295883,0.10134085698847994,1
-1.821125491499724,-0.49529604786232684,0
-2.3103411198018815,-0.5287569598894384,1
-1.395547796925235,-1.1053870176712166,0
-0.028974091373463295,-1.644305091324483,0
-0.00289541483806266,-1.0416756548100354,0
-0.1805054545582131,-0.37652370050796446,1
0.4546194733366903,0.7144999962022436,1
2.7190385464331173,-1.0081546211991463,0
-1.4874052435061227,1.1619379244233854,1
-0.8195951038747032,2.283819277499413,1
-1.295069563021258,0.7647733568324719,1
-1.451240880245459,1.6082042197380062,1
-0.4031883253325005,0.9848370175304727,1
0.9540201108549987,0.9757662796617296,1
0.01714637399234209,1.1114353920496665,1
-0.6476537761728592,-0.8959269396863627,0
0.049759579756618266,-1.6208188990721655,0
-2.28942390526046,0.49681509651576194,1
1.7968188764321593,1.386376750534673,1
-0.5728941034579103,0.38245451922955054,1
1.026929429778939,0.9998855439756276,1
0.02589927346067311,0.5189392703435498,1
-0.8165320809811996,-0.030978039905215304,1
-1.0901528665579676,-1.1544755851918207,0
-0.6810499768815416,2.316305694031003,1
-0.10643213229008852,-0.15839648402480078,0
-2.413593591648187,-0.6746880682219085,0
-0.509524538207301,0.25819533338415723,1
-3.309887671264136,-0.7286557005307,0
-1.1843052556098146,1.61112403234658,1
2.0705365575589694,-0.597709568426782,0
-0.9677915857133331,-0.9434242967992081,0
1.5646934627201312,-0.6938987296337245,0
-1.6385677781956085,-1.02002068062249,0
0.6770627919775933,0.8572159440923688,1
0.20749556673482084,-0.9876947269993953,0
3.0577363877350385,-0.8186209871839563,0
-0.3807376453901776,0.3173258847176107,1
2.2975231123567132,-0.8982153502251602,0
0.8422916254903348,0.9248794048388923,1
1.030066349322894,-1.572441572948541,0
-1.2740759017651238,0.8534513485535541,1
1.2960188237459334,1.147413634794756,1
1.0216531602881347,1.0028090229229787,1
-0.9210500923039167,-1.0308669967551671,0
-0.22168026923635253,0.4869340626121228,1
0.2675263596354779,0.6447297920355266,1
-0.9196594978614071,0.8084319243180061,1
-1.3769353008362666,-0.2622098065725207,0
-0.15607114444608228,0.43016995878522335,1
0.05877888473358861,1.47758167369091,1
0.6898361221057074,-0.417563206147065,0
-0.6279937607519646,-0.8980851059685038,0
-0.15264212212830808,0.43046945771931244,1
-1.756338385570365,-0.9431162842736747,0
-2.7732280253208623,-0.7780613201113944,0
1.8952451476624042,1.4481303877876766,1
1.3657183888070166,1.1697408540242347,1
0.7956114445972362,0.9052569427932003,1
-0.666919776906258,0.17511394270833192,1
-0.2963369443322451,1.2393626236321404,1
-1.452031838672159,-1.3389335673878104,0
-0.8546408330749184,-1.013466348162442,0
-0.3085290726570643,0.5344394177724119,1
-3.2639260589273014,-0.7845269247785379,0
-1.7937803939697938,-1.4685148062170041,0
0.8706703373450952,0.9350149348478891,1
-1.1165735842048585,-1.3877658077714163,0
-1.9168678451460495,-0.38262938999975593,1
1.483891059913462,1.2295189112708882,1
-0.4862083142176076,-0.9781818182319443,0
-0.9176696144676634,0.6836847326057138,1
-0.8786234730679241,-1.0038687418632737,0
0.29519935881822945,-2.3377266744529237,0
0.44069183095873676,-0.3399937018830166,0
0.3687667479796528,-1.3959970461095597,0
1.2736247276002133,1.1424760338134772,1
-1.2406056388758597,-0.506309295412371,0
0.32707266952814595,0.6783903527450623,1
-0.8904838064765045,0.248121095965531,1
1.4081524323372996,1.1821454057971734,1
2.0457973717064553,-0.8356336046280131,0
-1.791471171738158,2.040071525240931,1
-1.9459892580419673,-0.5860750589958017,1
0.9539713700334402,-0.879295253632657,0
0.5795422822821532,0.7899525150565188,1
2.186346977866685,1.5944853888141415,1
-0.24920980838254203,0.3816528626824477,1
-1.640359333296705,-0.6297525786083624,0
-1.2772943400080763,1.566537511897472,1
-1.0041956027811834,0.004202592974471675,1
-0.2870271836001518,1.2064752968227026,1
-0.5661009319550234,0.21536524581650363,1
-0.17113347256390554,-1.1248222866660675,0
-0.18900597444752787,-0.05125116848755873,1
-1.8274624191141675,-0.860762412086846,0
0.3192026029164603,0.655722647168639,1
1.29922618376906,1.1180386396032453,1
0.34305437138410766,-1.1166628618845125,0
-0.1460251032232418,0.45110146825051245,1
-0.15487046107063795,-0.9173145612967437,0
2.879265412814257,1.9142045125888942,1
-2.518678323697551,-0.25721502225275417,0
2.1149594930295876,1.5425315996116018,1
0.3097370753628832,1.623431993092241,1
0.279761225271122,-1.07055198427285,0
1.7911247916745716,1.3886817596712624,1
-1.3122617867725563,2.090987605726445,1
-1.3564022310602988,-1.155387905759885,0
-0.014257604471856533,-0.560055640814006,0
1.1652487858258527,-0.31646963627965374,0
-0.9650208891636946,-0.10611173503643512,1
-0.20423013420825886,1.6575518258763047,1
0.9206846405190398,0.9611474509145645,1
-0.12083229487594527,0.4549183895567199,1
0.5448764043984928,0.7633582288275791,1
1.5649986200799204,1.2778123522098395,1
0.4067082769806001,-1.7595832841489816,0
0.08637211297871106,0.5388128121205096,1
-2.592331889121067,-0.6985234575554851,0
-0.8831493447371164,-0.2946369240048524,0
0.2169906005884007,-0.17985333061204012,0
0.08355950797324718,-1.2972859515547177,0
-0.07332977472738456,1.2560102819339234,1
-0.37964166395029353,2.406578827824368,1
1.1991159843257526,-0.7456868377233637,0
0.32150911874653776,0.6708417876175562,1
-1.6849745026769305,-0.48864599758289284,0
-2.163487369850064,0.8437596316558287,1
1.171713161863981,0.0018559737683532251,0
-1.8316429721863015,-0.7450158620087539,0
1.409555966936675,-1.0251317098764179,0
-1.181904104237429,1.1620335987740975,1
-0.8297383807895838,-0.8134594228164502,0
-1.8342325809809035,-0.9817404702038564,0
-1.5320973457611335,0.4016440170681502,1
0.9405788155886441,-0.18406508421795498,0
-0.07345375759672312,1.5203747122066658,1
1.139514325861837,-0.7549337417472051,0
-0.43025814805447493,-0.39802725530365823,0
-1.1535961321959802,-0.9602653961910652,0
-2.0504650747000444,-1.0776621586009767,0
-1.2184477590947431,0.5639128638869277,1
-0.9060348887523629,1.95672000687728,1
-0.08257373652100541,1.2169153624724063,1
-1.870143848048484,1.4211338418718795,1
0.13790160899663728,0.5718675736931442,1
-0.6509448053160534,0.9885878688486294,1
2.5578516434391947,1.7823370954722666,1
0.8039040157578161,-0.9180438513285676,0
1.9438814852606319,-0.9166069636778034,0
-0.46321304226625093,0.16216732686356816,1
-0.5221582565570778,-1.144701646348222,0
-1.279966072743644,-0.2697171143537358,1
2.160432884509829,1.5784906415942208,1
-1.3979151605717512,-1.226699684871588,0
-0.9516669518276983,0.5078492054391812,1
-1.0699867471068027,0.5128028594915435,1
-0.6384639710172777,0.802786722449589,1
-1.5000543320370876,-0.827849340616145,0
1.5396775855137461,1.2627835498319808,1
1.9445198921965137,-1.2243794009665192,0
0.058945830747196504,0.5390338328909128,1
-0.04182814120713085,-0.8493365352606036,0
-1.2121908860235722,0.34496240369161524,1
-1.6941800246147243,-0.666454687066345,0
-0.8989494622542977,-0.12012505107762772,1
2.123672957059263,-1.294334579219016,0
-0.6765183052606039,-0.8444045496850691,0
-2.502707600869573,-0.6165078436796895,0
1.365237490556163,-1.8634632808707732,0
1.7624162515089055,-1.1560463617151144,0
0.8220196781724594,0.9140467280204632,1
0.27426585972607653,0.4755668778809491,1
0.5628724726744594,0.0784174955816681,0
1.9023004269295227,-1.4425059482811284,0
1.1054839392932672,-1.5672979454688374,0
0.7225152127642376,0.8655102500927103,1
1.727287783694606,1.3534040914091108,1
0.04055066568982668,-0.5988673508190578,0
-0.9970088376722598,1.1271356247173374,1
-1.1272408961421907,-0.7620326776533877,0
0.378774526712914,0.6816208178669646,1
1.540352258325925,-0.5482726025712377,0
0.894889817131176,0.9543153129662185,1
-1.6251512521517322,-0.9588961089552654,1
-1.895119233486517,-0.18647216628396457,1
0.22271475965334364,-1.1856455836014153,0
-1.5268745924870653,-0.8380214622071227,0
1.3628316262594973,-1.0187011820444867,0
-2.284496969794411,-0.8333338972993259,0
-2.1527598777984243,1.388463607037839,1
-0.3417148050195997,-1.2012226784419955,0
-1.2455897488330012,1.356303582438159,1
-1.0617498528130187,-0.44209704719313425,1
2.744675283113669,-0.9717170781520909,0
-2.2001744968980983,-1.129480761884831,0
-1.4431096510486323,-1.1049921597529129,0
-1.0370990055651093,-0.30906767799385926,0
-1.2514151305638932,-0.10278018327336302,1
-2.1800588004105084,0.7206167600631331,1
0.17602635719904702,0.587129541406554,1
-0.6248938082326423,1.8322218338000638,1
-0.6051089766836626,-1.032710443559023,0
-1.894187854247829,-1.3727758307807565,0
-1.495581626225983,-1.4329636876306484,0
0.8981495880489604,0.9485236088343725,1
0.23790882875362507,0.6265594863578691,1
-0.8172212667463249,0.30910722312629724,1
1.1889264941424642,-1.9549638182705118,0
-0.6229953163088955,0.6833700541238661,1
-0.573244388806937,0.24035237369119378,1
2.0239091519553796,-0.3293608858364294,0
1.1926670746133614,1.100554439054471,1
0.683356901798581,3.6104119014860916,1
1.5997246921943369,-1.358937405305099,0
-1.1400860120148304,-0.5755264438693743,0
-1.1286542850263894,-0.942521023992489,0
1.1544905293265926,1.0798151100712536,1
-0.45257616306442183,1.1194386206277778,1
-1.1756607236016285,-0.7623280112664143,0
0.9857967516014333,0.24750990653405647,0
1.610098285122492,-0.4704608165738763,0
1.2478826439738353,1.1171999441120244,1
2.6083758788614793,-0.5677913712265255,0
-1.2226290608431534,0.8577814444120674,1
-1.4708464532194883,-1.033947685674712,1
-1.1291460857770954,0.9593745275124296,1
-0.18705923474016717,-0.8098461611905068,0
-1.412716871129676,-0.5992560257363888,0
-0.34783332072871764,-1.6603581528391786,0
1.4503025026037213,1.2301410654957934,1
-0.4050719044070227,1.4366833362500826,1
0.17523250553166392,1.3204733221409124,1
1.4794045487293108,-1.6923572869942456,0
-2.159865901876733,-0.9235339577970614,0
1.1201006172954673,1.068100902968883,1
-0.9388366200044768,0.4103004365063925,1
-0.9441914449336776,-1.1522966462269975,0
1.5976579673733944,1.292821461898135,1
-1.0804381138645716,1.3257591820987527,1
2.805068166630119,1.8956406359962255,1
-1.5495476277461933,1.0424888169822815,1
1.4078263416300933,-1.387700645264605,0
-0.23625584127186317,-1.255166890002696,0
-2.589247745446715,-0.948334744989947,0
-1.594011201151434,1.02603651276094,1
0.31662664482594405,-1.3285313085631194,0
1.199067319517697,1.0881613618521353,1
0.11322122338554619,-1.6219449126658243,0
0.49320345126506826,0.7579492736603781,1
-0.49533006079018815,-1.1967106786844597,0
-0.025183201542068767,-0.3278641374337339,1
0.23728201499233348,0.6185132663203644,1
-0.5200201552020698,-0.8493753740742306,0
1.3413647548208507,1.1721551630116924,1
0.5583390206035256,0.7998527180137551,1
2.1585371841916383,1.5703752479877067,1
-1.7222727705623115,0.5438872846712558,1
1.7337189820129082,-1.2098458003034076,0
1.3987131201467702,-0.6951882114181308,0
2.1142349125792927,-0.6489936687905631,0
0.6233891801066849,-0.998405362375858,0
-2.026266318934546,1.5325464252620196,1
-0.20544929133390055,-1.4965811800553048,0
-0.3464332810932027,-0.9966301017412651,0
-1.4545281662609733,-1.0652897782313615,1
-1.249216788660931,-0.9712861509180524,0
-0.02819111084280479,0.48702317535457884,1
-0.21537193355680595,-1.308355039364573,0
0.17629262110889143,0.5959175537918617,1
1.3368719452409445,-0.41915050160961387,0
0.7108006514553876,0.8584064120804779,1
1.995456740291218,1.4951501857944207,1
-0.7554255056102854,-0.8840993627743793,0
1.9277051239945877,1.4533502209291704,1
-1.524887022388533,-0.24248571823886378,1
-0.8626689035239896,1.3372362096041737,1
2.5387642743399876,-0.47204841331866854,0
1.459141018269154,-1.48510915023118,0
2.263871124041657,-1.1807670723786816,0
-0.8806531956702595,0.07633253340608404,1
-2.8897910073888045,-0.7498442012904818,0
0.4837059927752523,2.3712958522606744,1
1.2082878626956128,-0.44564691856293737,0
-0.9610337862323488,-1.4323005982472616,0
0.6494535895432516,-1.2309648872953938,0
0.7885325985945355,-1.361473610605428,0
-0.5692612984185451,1.033694073981729,1
0.4372565927030645,0.7288689158479497,1
-0.00443587231935505,1.1997472992947962,1
0.14509423020640821,0.5885140341531034,1
-1.148079114302704,-1.0532674796596477,0
2.6970865410006812,-1.323060576219664,0
0.860743586324471,-0.7896452279308647,0
0.5098436606406354,-0.056101479659401376,0
0.8742258199644806,0.9428575369800322,1
1.3765165290499786,-1.31386533118361,0
0.06201088271257371,0.5266365734876504,1
-1.230704449243676,-1.0796332043436943,0
0.3827257229473029,0.6577655731863806,1
0.1270808203155781,-0.6748353998746822,0
-1.8559468297773218,1.6897602568475842,1
-1.1411111695969256,0.9482626540816821,1
2.019490701473625,-0.8200034650713677,0
-1.4366500671435207,0.1212087784805076,1
-1.3727371624960347,1.2043326123632925,1
-0.6898609998835868,2.3804427413341482,1
-0.19330815963453485,-1.1049955784551746,0
-1.2900272111121092,-0.9932176841694754,0
1.4154632335811466,1.2028019385844573,1
-0.8453068258510334,-0.9642655489400784,0
-1.7049367465005028,-0.6633725771420675,0
-0.9009756431414506,-0.7133781872802354,0
0.7799034203329551,-1.2326033005859869,0
1.1910766700387954,-0.8496332902114475,0
-0.980517050902111,-0.6966607900525095,1
0.8347219678880383,0.09319223425545498,0
0.6807192617025801,0.1662020713881428,1
-1.8708327521945747,-0.8478959315593594,0
1.1390889608610004,-1.9149946000152471,0
-0.12774414459028316,0.4442551304255392,1
-0.24550920921275154,-1.4638533085000809,0
-0.9886385696190108,-1.107691930484548,0
-0.5477399279353647,-1.1678192792348976,0
-1.2106667676647427,-1.145618534159115,0
1.1636106910564679,1.0586498604702301,1
-0.5807940669342231,2.735079629333003,1
-1.5077148421652546,0.5237253275230354,1
2.072516725324891,-0.743299190723951,0
1.8213801568529466,1.3836160432149074,1
-1.1817078862903365,2.873745867193834,1
-0.10895654653939635,-1.1575168033683283,0
-1.0390276943255097,1.4688490589775123,1
0.47681255804619127,0.746717053256774,1
-1.354014319575892,0.1840638899091026,1
1.375920675249637,-0.753041238126408,0
-1.6472793785553281,-0.5854706563150813,0
-0.5737333120365935,1.8089123570559251,1
0.8247983015315804,-1.0168971443889312,0
2.388350184949451,-1.6034032407184213,0
-0.527205140852734,1.8603799206989713,1
2.314341465958476,1.6545558764377337,1
1.7569652815182228,1.371861722434085,1
-0.37354943086020276,0.32872038409738413,1
0.6874010663363801,0.8397717960343262,1
-3.0698206892930133,-0.913607496521411,0
0.19329662896970867,-1.754004764415889,0
0.4244745804645289,-1.1715603892848299,0
-2.1091449659762023,-1.0303711347262672,0
-1.486828463314374,0.6783003003498587,1
-2.0764032653318036,-0.6536324060221779,0
1.1810462730197864,-0.2367633632675672,0
-1.2895257724878788,0.5231452767889326,1
2.6083503823344256,-1.335303466176922,0
-0.03897460797241026,-0.3560137946550933,0
1.8542296295552734,-0.9082299198502929,0
0.553769020844326,1.2113275529107435,1
-1.4436483476340354,0.4056590789388159,1
0.661201935821546,0.8224469754367078,1
1.895138087885509,-1.2399695677313778,0
0.5537107806031644,0.7624471745425552,1
-0.2117649368053035,-0.728211062572208,0
-1.092089064587967,0.8908919394601351,1
0.4138445237595153,-0.9804023227573943,0
-0.8097083703773538,0.11665376700410657,1
-0.42556508369879875,1.823405229970123,1
1.0273862792828354,-0.9556998195521464,0
1.1461011697653058,1.070681921875048,1
1.6514662137967109,1.3163178284139707,1
0.6601532614294704,-2.169268748037961,0
0.7847227790779714,0.8922496646577706,1
-0.11672534776765775,-0.7403121485702907,0
-1.2973364165013872,-1.3309331412163559,0
-1.2077674617644336,-1.2852118049033625,0
-0.12608829088500562,-1.364903179047185,0
-1.1067678830232999,-0.5406229742953126,1
1.1282902818422578,-1.5680139077033417,0
1.0167713834631478,-1.3093291250432784,0
-0.5565554790630928,0.1781995458340332,1
0.6187781271449114,-0.9251778576835642,0
1.182162000531846,1.0939733970237755,1
-0.0822192301241862,-0.855871277719755,0
-0.5522137146013173,-1.0352620129418377,0
-0.22587116436609334,0.4034499096532146,1
-0.8186914206003949,-0.39743657578212876,1
-0.326439983607387,0.34667942974780586,1
0.014774650483079244,2.1159676363728432,1
1.283270865321548,-1.5681051700919122,0
-0.3560447109713424,2.8875250558308188,1
-1.3926939577485946,1.240619861736919,1
0.05483067971309863,-0.21112409443679903,0
-1.4344485610185014,-0.5896842610660202,0
0.8699362778416388,-1.4095652474566,0
1.051976458582358,1.0061044249478013,1
-1.0363083325923959,0.0017092914456630082,1
-0.8231413788995432,-1.2351732768232213,0
1.5763449419797404,-2.375911567656394,0
1.1303139804924098,-1.4708886651654534,0
1.8967281130737854,1.4380166228535929,1
-0.013536553821981379,0.5059590006408332,1
1.56670426674664,-1.1974603522489689,0
0.18120075807055958,-1.0158481617918556,0
2.307841214754008,-1.1747410538488987,0
0.1506341304495319,0.5835055567028448,1
-0.21737152732618115,1.3296381787785134,1
-0.6878730533765891,-1.1780808280985033,0
-1.9970978492767977,-0.4938673391899131,0
-0.8602360155055944,0.3152029019794059,1
0.1929056448790889,-1.0359950774525042,0
-1.6611449919570185,1.624460863317316,1
-1.3745807425392815,-0.4566584885662872,1
-0.3359637669441552,-1.4450490933307796,0
0.9903203349427483,1.0066943523798746,1
2.391824620774722,1.6748733584556283,1
1.694829215404111,-1.1080945742618131,0
0.982310081331658,0.9913255872232646,1
0.15563599747107426,0.5844641571980561,1
0.9036812387493172,-1.7117729483473412,0
-2.678638607208274,-0.5062686313769817,0
-1.7928494315268841,-0.05403638457704485,1
-1.1253166931126273,1.564101601839568,1
2.5814831262691533,1.7782278301903176,1
-0.7766601953730186,1.1851232753093799,1
-0.38823710158687674,-1.1235798065900102,0
-0.7971617338404027,-1.461576463647054,0
-1.0164644199958024,-1.3440003506171974,0
2.1526225651657267,1.56751673055349,1
-0.84203204042921,-1.222472212620808,0
0.4820884301148075,0.7510203021203999,1
-0.17472944639408527,-1.1332082257300156,0
1.6603816998630316,1.3217854798440063,1
-0.2914896759626232,0.05866407239602278,1
2.325674189845797,-0.5740025959172124,0
2.1159136541784656,-1.4931394503608306,0
-1.756186549323177,1.1786708419712353,1
-0.019695550757544922,-0.79155925729465,0
-1.712328490128273,2.485099086243046,1
2.9278340278872412,-0.8732953345909312,0
0.5754297069064485,0.7839014448393896,1
-0.6016533159175576,0.5727956650666384,1
-1.09103686527992,-0.01559623747329586,1
-0.387507432364694,-1.3076641075504791,0
2.794486929050863,-0.8113178042747056,0
-1.049660377169379,-1.435539066274801,0
-1.9780492664283837,-0.8427872482689409,0
0.542727168826546,0.7744725346700395,1
-1.7886431558923666,-0.18083579641495673,1
-0.9566580737054534,-1.2165957077124852,0
-1.3867541220415038,-1.0403729800147121,0
-0.415019144083584,-1.1262803519197864,0
-1.4697820428695452,-1.0487940900319137,0
1.501962970513722,1.2498564936853969,1
0.9207838158454683,0.9647937462117303,1
-0.015767325845614133,-1.0490899292879672,0
0.24422226885013798,-0.637802769269221,0
2.224826314361643,1.606914709658486,1
-0.7389075998526016,1.001943313245809,1
1.344010200733412,1.188168370663155,1
-0.9878463471184615,2.865131916202071,1
3.0048153862802853,-1.3489806485018578,0
-0.4010434912502501,-1.6287183745760787,0
0.2935303568980876,0.6588871925125895,1
-1.610265969415721,-0.9800356671715947,0
0.3266585421486128,0.6676171269253148,1
-1.9694309128767404,0.8799464809756622,1
-0.6841511143772037,0.1778171053630404,1
-0.2992686837734375,-0.7568856082981985,0
0.832800975293644,-1.649629316742452,0
1.1894053664438797,-2.6877527492099507,0
-2.2127929821586916,-0.7899303221820215,0
-0.31539500850417057,-1.0955498651138602,0
-0.4413439031193428,2.5471838479049556,1
-1.6917688005898643,-0.8084932199085448,0
0.36708844538725893,-0.8907506935740551,0
-0.1340315502021745,-0.41364649619386595,0
0.6658680852089305,0.8343298252168364,1
-0.8558469839235376,-1.0389179023953108,0
-1.6385331196845376,-0.6702371883934188,0
0.7518189103907551,0.8665608172823773,1
-0.9447943722706942,-0.9541550201103198,0
0.4281046011526636,-1.294582927224948,0
-1.1107255265856795,-1.3457494909877525,0
-1.2058978958348603,0.8966268486607343,1
1.5824806077740363,1.2843430633888748,1
0.5085775503805725,-1.0939280831361173,0
0.6626622742141313,0.8248392363832532,1
2.3454388856193997,-0.5945206837195307,0
1.0207333325342756,1.016790380970944,1
-0.8837212312746154,-1.3116484597678428,0
0.8505444169312346,-0.6364349699390484,0
0.6904261710611215,0.8443897254442853,1
0.8037472349214848,-0.9348993069213283,0
-2.3055044269686227,1.0353620729452992,1
1.120532920316923,1.060988683210368,1
-0.5607747190898231,0.2268967094640887,1
1.7241212490869013,-1.2783299423535717,0
-1.4681749956603387,-1.1672597853134954,0
0.6164210679221209,1.9942102868410954,1
0.9808575602846263,-1.0486017618831929,0
-2.1400681257875678,1.1113430150460806,1
-1.6146496562877761,2.056912136184449,1
-1.4515863679891172,-1.0501684109049751,1
2.109939225656251,-0.5718524233653701,0
-1.481317984800879,1.4426903250757876,1
0.9323268547305211,0.978800654724567,1
0.5565493453078951,-1.9862913100955963,0
0.18253018511674823,0.3575495915227316,1
-1.6455149399086135,-0.9877227977100792,0
0.6648164276773636,0.8302764389964059,1
0.44954327719413734,0.7329875967344828,1
-1.3180581471712798,-0.906052169522493,0
-1.1995657223109268,1.5560524811537921,1
1.222083756691546,1.0910839442705245,1
0.35774474509337917,-1.9249099770870055,0
-0.3305754731141676,0.005203199132575498,1
0.5278975696017336,0.7675004160758074,1
-1.6431532073760686,-0.9520871473239358,0
-0.7386802031631092,0.23485200662861716,1
-0.24820481373931025,-0.7042462569293024,0
0.02287314658434303,1.2685416048886609,1
1.180509159002742,1.0796922544188894,1
-0.9461735618783684,-1.1317861409232117,0
-1.2251888869238396,1.4211355718127976,1
-1.276868093143613,-1.0755742959686745,0
-0.613085800193624,-0.9449378287607826,0
1.0124290716038764,1.0149648422086395,1
1.4723512148842781,-0.715595343517035,0
1.2682430617335518,1.1306921422735927,1
0.06747708380673545,-1.0528640361763923,0
0.0454955821563503,-0.8017469878634506,0
2.3581300315211164,1.6675065357884429,1
1.4073743970140378,1.2104554171212774,1
1.3480299326965344,1.1675577239147805,1
1.2831256277660963,1.1498920696379302,1
-2.5241685496878192,-0.8099540393740103,0
-0.5351844313606205,-0.8618071917655439,0
-1.1233083659566128,0.9840509229068594,1
-0.3591512735691196,0.3457693906011621,1
2.279887336981433,1.6350773421070146,1
-0.5861544317679066,-1.4229155918780556,0
-0.45136936117402904,0.2662172903211889,1
-1.5049949880746492,-0.9566500124159791,0
-0.8668975627490592,-1.0773854438694332,0
0.8208950989315447,-0.6505321217954748,0
0.309424700830071,-2.029142197878791,0
0.1442209441609481,-1.178725755610217,0
3.3716181440212987,-1.030674000898969,0
-0.049736903440953606,-1.1521713645779885,0
2.9542691518995947,-1.2511599176747072,0
-0.018445084683227253,0.7386800937949674,1
-1.0356677594653836,-0.7364595042194961,0
-1.255384914126957,0.6550149215075383,1
-1.2275723978084248,-1.4637959942402996,0
0.7149669635003248,-1.9079738907197978,0
-0.638376647992299,-1.1064733282155337,0
-0.3870664296545526,0.6447225532598464,1
-2.044099031243056,-0.9227728497647057,0
-0.3584333969398473,-0.913391735714377,0
-1.0404895748177672,-1.2716667871789449,0
-0.7714803625952084,1.4083516690934057,1
1.632073297778037,1.2964438292662874,1
-2.165052427238902,0.49135464895655334,1
-1.956476078903199,-0.3924901145011228,1
1.2004867856744308,-0.23054650702916246,0
-0.958423678712824,-1.4290953408757856,1
-0.5229447044409957,0.32179134520185015,1
-0.11979313449440043,-0.797016176060245,0
2.219510665254685,-0.9310226299421918,0
-0.6924305747399633,-0.9723046116447543,0
-0.5803109319723858,-0.5928345632116978,0
0.35831404439290726,-2.207572778401077,0
-1.002956838071655,-0.9383194272387747,0
0.20509711921801643,0.42252489720154507,1
-1.0067534442442163,1.9509960591983457,1
-1.534071903694091,-0.8910835564071644,0
1.297305432913299,1.145846985061478,1
1.2985752126843202,-1.2247752777873822,0
1.6634996552674193,1.325598379564291,1
-2.3294861503736852,1.5020693458281773,1
-0.048516517197591646,0.413247696795191,1
1.0777657056684293,-0.9301499346588368,0
0.37546480881343347,0.7009730523189257,1
1.611264494352593,1.2950165879973712,1
-1.7299843802429953,1.164635059498352,1
-1.4788437059425008,-0.8791102553999894,0
-0.014339143913058239,-0.9820157997895677,0
0.6922289108287902,0.8535676291712653,1
0.48774548224658865,-1.619367582349874,0
-0.6010066495846751,-1.4499583394108155,0
-0.658400655326761,-0.7068272764915595,0
0.015759861808843256,-0.7131311388882,0
0.6381115795235701,0.8224897085601737,1
0.08303261387351912,-0.6556349936154424,0
2.2906125869665948,-0.1859795323179526,0
-1.2395981805093794,-0.10178532139206631,1
-1.9657573021445438,-0.69143996286654,0
-0.46185625291746446,-0.7346512131804996,0
-0.10412451814606183,-1.1203749994483894,0
1.1978112246367925,-0.589402793839864,0
-0.29970368684829773,-1.0258898154602152,0
0.9588069927727472,0.9612435226534075,1
0.6469041428276586,-0.5587001825635856,0
0.7891363077873178,0.890226855591744,1
0.047554010492672494,-1.5408616855964892,0
