x,y,class
-1.0289086458135916,-1.8048101379978116,0
-1.2860938751145028,0.8852284970979908,1
-1.5592655330150094,-2.550455004100556,0
0.10155241243552027,2.117262476307854,1
2.1243016818584555,-1.252540589622761,0
2.76685248829798,-1.584627903416747,0
-1.0069186045709062,-0.7524180406937231,0
2.578831625510971,-2.785594227422183,0
-1.3293208181791256,-1.0123420497408069,0
-1.3530623842406264,0.7623663407511866,1
-1.4505974239842394,1.0303619351550244,1
1.6499793725103813,-1.2215992019837374,0
-1.9009518507838168,-0.007338865589515686,1
0.6531144423112142,3.034420918482128,1
0.29290683602226697,-0.06314869569588633,0
1.234682921223024,-0.6340264561741273,0
-1.15271659423676,-1.6786752858610936,0
0.4830586347591719,1.1126333637490895,1
-0.6908717900062538,-0.663187312685457,0
-1.7805928113269809,0.6261959918939537,1
1.8335871618607733,0.3489761086904215,1
0.7816131931604997,0.3035586090541639,1
-1.0624659950672373,-0.7361898422106643,0
1.9367863888720445,-0.9718903612281047,1
0.6512351685956319,-0.6776044828540737,0
1.9682751431952081,-1.657762666291231,0
-0.3220244760553618,-0.28267859666382733,0
-0.9675047710931705,-0.9703667230979331,0
1.5811657085241255,-1.8152322341856144,0
1.021003809495704,-0.6159551566967274,0
-0.026435864590619973,2.062802076864897,1
0.7338944069193727,0.6495530067882291,0
-0.004279446307349888,-0.4814986606393149,0
1.4363431379622607,0.5961650679037902,1
-2.0794472487702365,-2.35412045018587,0
-1.5445547017612384,1.3229401867655173,1
0.31277841292975617,-1.703125719280346,0
-2.0908821426180237,0.6106413576772428,1
-0.9447911831768817,1.1558463227282878,1
0.8114745655156141,-1.4795030353761176,0
-1.499963834000987,-1.8566459657027268,0
-1.0544712275243273,0.15159427410419024,1
2.2035861909954786,0.22987544186642506,0
-0.3085751896306085,1.3150935553813807,1
-0.7031696872856188,1.4054912535408928,1
0.43365303731441496,0.3770079104746269,0
0.46512558353748934,1.8043772327261474,1
-1.7591208180614557,0.9431838559892006,1
-0.4308170450580221,0.6876862911340766,1
-1.347694561515182,-0.8355077877119969,0
-0.7457017498525034,-1.1239420091749497,0
0.7041456761671375,1.0211832957654285,1
-1.9402616819096095,0.7693681866183302,1
0.9726981644733675,-0.9448202350532102,0
-1.4722902941777152,0.6817900355208832,1
-1.8665203523550895,0.7379233580074902,1
1.2590230731561034,2.133882587263623,1
-0.647066330954615,0.9865284344120261,1
1.0563422789105585,1.0040455914287054,1
-1.113087259582056,-0.6561499953367514,0
-1.5197293416795037,1.2597041744004356,1
1.3205464787142145,-1.3241539391869162,0
1.7940026352344995,0.2942711621164559,1
-2.0077088566112193,0.37834168044261374,1
1.7837441766987991,1.1543740715366921,1
-2.215698797527585,-2.735660378520943,0
-0.7351010846411347,-0.2206221467370354,0
1.430070038830653,0.015089344066514077,1
1.8975551840320863,-0.8614870201523354,0
-1.4549487966192456,-2.0163980929789376,0
-0.777906042819812,-0.9878169416215512,0
0.9004870471915362,-0.04730922147076866,1
0.9620053865188514,0.7815157724730795,0
-1.0671944835750053,0.5527614790270472,1
0.8153598203990063,1.2765502967315099,1
1.0631225660267039,-0.6568330398155571,0
0.6377773861388827,1.662433004855722,1
1.0062105003996231,1.2802382667487684,1
-0.0008718902724674793,0.6275843742571381,0
-0.9426582497481294,-0.6457957669607366,0
-0.1337929957622127,0.0758592328537222,0
-0.8155828199137235,0.6302943607871518,1
-0.9878761693136489,-0.06613623993273177,0
0.7573578512221454,-0.5416450952400974,0
0.2785669132100401,-1.7649420692491786,0
-1.0412296426177625,1.0884348861728548,1
0.9647035332677991,0.005189043514031155,0
-1.2940922551280223,0.6504813251834587,1
1.0542726282266317,-2.326197017668849,0
1.5803058095126523,1.3083221054488041,1
-0.6651659614112888,-0.6075027887617073,0
-1.2045352846615147,-1.64453642674509,0
0.48087305862009744,3.6359445783526487,1
0.903199003469914,-1.0774006258380742,0
-1.7143066000656062,-1.3873209763145882,0
0.7320137647941691,-1.1310835825476946,0
0.4786026198345965,3.1937782484289623,1
-1.4399690523593007,-1.6444133962601302,0
1.6080790992597471,0.7903341302481267,1
0.02704895883940528,-0.8343386681943693,0
-1.3798032586976094,-1.7218032003697925,0
-0.38032705963526225,1.1797341079108288,1
-0.3520245380957219,-0.5103121018068792,0
-1.2978454941648707,0.6998654756576599,1
-1.2723886859689921,0.7469588801275064,1
1.790471731748963,0.3381870147312952,1
0.8122297276185293,-0.8384903102589065,1
0.6255182748409409,-0.8902621334447496,0
1.6272508220053945,3.6331636966760414,1
1.5868466930200058,-2.511214487837902,0
0.1657314221799978,-0.533330314159495,0
0.7184919716402989,-0.21203632705874487,1
-1.337474483223994,1.230292262971823,1
-0.6046254670545914,0.41457142872108177,0
1.511067346003852,0.39134290932201,1
-1.1847204049088953,1.0176547774234772,1
1.057234819991605,-1.2161059589934538,0
0.8733166381373519,-1.0855331123293057,0
-0.7572241013187127,0.9386763723129928,1
-1.100693624661307,-0.8947216820962143,0
0.27921214376873593,-1.310446012405034,1
-1.037430325432367,-0.6607226497417319,0
0.4196413927170646,1.4415827174731797,1
-0.8523429203312006,-0.45845261785432123,0
1.213846571024272,-1.3771864343509956,0
-0.5726549194609548,2.109003303566469,1
-1.043859349522772,-1.0950809760985238,0
0.2745450594153407,1.1502175200781046,1
-1.3815114944118154,-1.5684790616592803,0
3.0409360518731106,-1.0901627337245703,0
0.5748942866056052,-0.39026392800857423,1
-0.7410131532430012,0.8194127997474445,1
1.0272401877141788,-1.2198646322154698,0
-0.4090565725103238,1.1646104808700704,1
0.059515874566707705,1.6279436545463493,1
0.746849570079648,-0.9289183191558882,0
-0.8976004435796192,-0.46823245646168743,0
0.8894108733678752,-1.3037154879637296,0
-1.7081838564613858,-2.0862274677294943,0
0.18841344462233345,2.7826355303715715,1
-1.7257072786621275,-2.567883960083867,0
-1.2430395460869748,0.9578305616725892,1
0.7404340186513705,1.1177220946634212,1
-0.3243524514110929,1.4318277584533892,1
0.6786953036376558,1.7009472107246144,1
0.8191598214339697,0.5553788685451074,1
0.19969439064531858,0.49670385309420717,1
1.142800247965607,1.6125321373139778,1
0.8913668354214823,-1.4471630739898802,0
-2.1068816313502063,-2.676244673961589,0
1.5918260469323493,1.8378397964974615,1
0.9486843298659284,-0.00660274217183221,1
1.4141625628569583,-0.8300805052331816,0
1.5836695478651164,-0.44676268116374496,0
-0.4243889286938889,0.22535137140854267,0
1.7287280017613451,0.6024400467216626,1
-0.669014001553231,1.6873834986779137,1
1.0500697225892748,0.007403245715083773,1
2.194140211319895,-0.7015722698068929,0
-1.3770729881721349,1.1600356009413881,1
1.9400861110958423,-0.2913753166615469,0
-0.7647117597936702,-0.08505346498299227,0
1.236850505024965,-0.7853897195189093,0
1.274740088278723,-1.0111678999548317,0
0.5122933461570177,1.7686676154724452,1
-0.8181432061064835,1.0983282245959116,1
-0.7700564802553719,1.1705058035344462,1
0.3190799417270823,1.2704375183295635,1
-0.653097939890082,1.1133605876850172,1
0.10245676928587577,1.9223441430772654,1
1.6566554417789727,-0.2959861169382001,1
-1.36626401020852,0.6104506665168622,1
0.6620291577701011,-0.42217534990398164,0
1.1987413623380951,1.075569048003748,1
-1.098799064320019,0.10977492372128428,1
0.8797626783314787,0.5129601324764403,0
0.896777748517514,-1.6302068912827488,0
1.2893594486979143,0.5357857155361057,1
-1.3013717736558243,0.9743282020418669,1
1.0360196881959718,-0.6995327042532703,0
1.5143730323019131,0.06957156800426545,0
0.8230932116767259,-1.597174066769675,0
-0.7998549768249383,1.2196939986152324,1
0.012465183700716365,0.857631603150607,0
2.5170667682475907,-1.543527008013384,0
-0.9584111035344866,-0.6213675764312487,0
-0.5152693532014041,-0.3543659362787165,0
-0.699657752708559,0.4383037925878682,1
1.3992304037849417,1.4456596593145785,1
0.873820008140395,-0.8955983506476484,0
0.8004364901064895,2.1051152120785153,1
0.1621025706551169,0.5752431994049876,1
1.0148643892831108,-0.09321690896562251,1
0.1121840368870537,-0.8573863343018826,1
2.1701048337072377,2.2023429135780845,1
-0.5211919833366803,0.8180753353762956,1
-1.2469941291497653,1.2797905345507812,1
-0.23639046884757575,0.35659586632586104,0
0.14977133579023294,0.2632694986785873,0
1.093938822972668,0.13809556295802494,1
0.6394014345938601,3.3814134975853425,1
-0.871426512949424,-1.1201214340236816,0
-0.522870267265287,1.4257187355790162,1
-1.9615273563167235,0.7599114053010633,1
0.9097073693787031,-1.0660753127507778,1
1.5543367714049139,-0.7462476705870515,0
-0.5729574210360602,1.084760800960452,1
-2.0064580725348558,-0.15937100396646264,1
0.9864198046317384,-0.315710950523447,1
-0.903833032560349,-0.28769126130860745,0
-1.2847951117176177,-1.683349450570872,0
-0.9906291953348414,-1.1473178028932645,0
-1.8436284643389018,-2.174859641175124,0
3.312934290352034,-1.157522484881223,0
-0.9253845353708562,1.592347226507501,1
-0.6244036731331682,1.0091281046253882,1
-2.2488196559778464,0.21725748793865896,1
-1.0864544490163508,-1.535934795234711,0
1.409304741962719,-0.8765202077631175,0
-2.257740710081169,-2.9546210652114477,0
1.249994775278116,1.3912767409077726,1
-0.8453670845015926,0.8803623213134919,1
-0.23295151885724508,0.5572289351361515,1
0.4437370710726709,0.5544736728478461,1
0.3388781593748976,1.807549594743572,1
-0.6492309254506455,1.3066195081211078,1
-0.6805644544545253,-0.5386368026080388,0
-1.0781047728428332,0.8199612970778778,1
-0.833281593903082,-0.5297031725441164,0
-1.5280409333477107,1.1617762092844157,1
0.9455745245717869,-1.1226558645416505,0
-1.0989762585843619,1.5681020824450211,1
-0.5041725500329655,0.34912107089286804,0
-0.6867627023925527,-0.3728649296495333,0
1.2119583589840424,1.2175563934367521,1
-1.2167391518030872,-1.320128411122246,0
0.16586541776631036,0.6119309913487907,0
1.469471940843115,-0.882967278658217,1
3.2263209129511896,-1.2254007568556835,0
-1.2960530887996256,0.9605465258588833,1
0.3913875564451269,-0.29174661822270687,1
0.5198390375192947,1.1816871483544784,1
0.2031054044096008,1.443253752035284,1
1.6421552057768598,-0.6542317875234402,0
0.8085575270878984,-0.7951422753896114,0
-1.3297119692697257,-1.416897929953305,0
-1.1876674093232857,1.2134917233065736,1
-1.2963134457750898,-1.2978441236074598,0
-1.5831392497900358,-2.8931285736851016,0
-2.1754590384454167,1.1667308563077665,1
1.3256480068054122,1.835832419677463,1
0.6410796139659936,1.7071098894574894,1
1.346838880880087,1.0445879815936012,1
-0.05675830327743059,1.5129554189661958,1
1.250464207056675,1.7073507948859317,1
-0.897776707557104,-1.050646554975821,0
-1.32598823949071,-1.563420593011191,0
1.5847859667941493,1.1185237034727746,1
-0.6489559431220323,1.1041723301929074,1
0.2628855776862017,-0.9315509193517874,0
1.4104850457578262,-0.6115357510990564,0
-1.2449530295306268,-1.194191958780468,0
1.1146426519636423,-2.2290214906371464,0
0.9638089900235627,1.085806848810021,1
-1.5687071465692404,0.895674219350981,1
-0.01785659704551934,-0.7189014486069869,0
-0.6494905705384475,-0.4535378733298172,0
-0.8798930302721928,1.2564542277747692,1
1.1035860065965388,1.2220150947511894,1
0.5487663068904265,1.528335682801341,1
0.18817196795019653,1.7345276957744817,1
-1.1979759419782672,1.5701759355704592,1
0.7850598270491751,-1.1839397549174528,0
-0.8070588269088262,1.4505842218581257,1
-1.55432367464525,-1.149702115217023,0
-1.1560578977262985,-1.1678680645054895,0
0.6490687732484242,1.2273093061875286,1
-0.942397995850183,1.050864136233561,1
0.5597826012042142,0.10656311715752442,1
-1.0506922389610025,0.38508397528503835,1
0.25505065035377616,-0.29139511135171936,0
0.3738976857839389,0.6296982890512111,1
0.8946158310860368,0.41139461544020994,0
1.2440308246456677,2.554644596326603,1
-2.397177187340807,-0.2780940424389695,1
-1.6769990508531403,-2.3145565176586187,0
0.7997216457122692,0.7442705203535533,1
-0.5228320080701941,0.25857140574566606,1
-0.6869905356621677,1.6227523861978987,1
1.3614736819564621,1.7994702655744534,1
0.5933083505793519,-0.9202215308213009,0
0.9885553152601838,0.4970054280880979,1
-2.0813056541289385,-2.116145842387236,0
-1.1853275223432482,-1.1680402425723706,0
-0.7872687000568516,-0.6406823121312912,0
-1.1824056807371457,-1.7803916153320627,0
-1.0091749568407629,-1.0310934292301144,0
-0.9932910069938162,-1.0735574787120519,0
0.21324154344950064,-2.10022289808527,0
1.0914108016388566,0.24756121506304374,1
-0.6605089756542943,-0.014565318541925998,0
-1.0350448255677815,-1.711633181062425,0
0.5148499799202322,-1.215183869926601,0
-1.7978872064816795,-2.338283018719986,0
0.15890091912458926,1.722834676103722,1
0.5350898436453626,-0.178668566860408,0
1.5517605563551422,-0.6451151701758756,0
-0.040642349927397015,1.4438092464545078,1
-1.5940244943662074,-2.063966680026045,0
-0.9776212762917832,-0.33979869401673624,0
-1.7669086041044193,-2.0024589439769653,0
0.6251755081488237,-0.30034835289667106,1
0.6455204844601905,-1.069041597226825,0
-0.5690358909619895,1.2082351904814164,1
-0.17440460710202565,1.280869413726483,1
-2.3973366613254794,-3.267521842269664,0
-1.1862692672444561,-1.4446081153399812,0
-0.09469105014521206,-0.018787300060744583,0
2.1202961878199096,-2.70688515047262,0
-2.0262346160330216,0.5094913009506399,1
0.5091514070351975,2.3042075816062644,1
-0.10282217343382949,1.0826534433949155,1
1.8971068138305123,-0.7252142791839484,0
-2.402522746603455,0.501603520569126,1
-0.8240773262046168,1.302699578702076,1
1.0446728373524359,-0.12594844845713282,0
1.0818474284648838,0.48973065541726357,0
-0.48728933361262694,0.810244740875711,1
0.9825796123928195,-0.5463954452795869,1
1.541958589094389,1.3724069805315193,1
0.7223245534619067,1.0802599606451717,1
-1.5696421172170152,0.6332731176835722,1
0.8302808495373375,-1.380744396469681,0
-0.298945422033988,-0.20099427684534243,0
1.2018300892462304,-2.220845886207278,0
0.9003285885494485,1.5521467699747988,1
0.7221270080790082,0.971654299348721,1
1.1736478833051207,-0.3298646896458475,1
-0.8740212877345757,-0.631853706920102,0
-0.490217227904996,1.7054333750112152,1
1.6730043358035869,-3.1115415629456393,0
0.8026866339323292,-0.6125780394890992,1
1.8544743334589489,0.7546078550448847,1
-1.5999279314133132,-2.454403818056046,0
1.6293258827848214,1.7937640456620367,1
0.3049677031092215,0.059134291195070965,0
0.9862975895945068,1.5556107482769113,1
1.845029426441502,0.3245205189162901,1
0.7113713166632778,2.6034649557047738,1
-0.8076298454588313,0.44750818257805813,1
-1.2347473791283723,-1.372244197673008,0
-1.3667882478904736,-2.020937239704992,0
-1.4758708288443436,-1.7608233344794546,0
1.0121871646477227,-1.5777918356921066,0
-1.0298696186602916,-0.867760989740668,0
-0.5059676552471541,0.2905826960698299,0
1.478124628751391,-1.6741467640366154,0
0.6101630756660652,1.3991298185780185,1
-0.3684571721603337,0.388510858256367,0
2.356742364562852,0.07636743243748545,1
1.6370074545404258,-0.6120543310769011,1
-0.7130961802134259,0.7551325657025161,1
-1.5982738476373446,-2.1848084142346362,0
0.2922788049215772,-1.2038061100230832,0
0.15614854970821956,1.2564706405320536,1
-2.059727582372659,-2.436966817507912,0
-1.5093167550179225,-2.128331790201978,0
0.09182991858931522,-0.02794243454183698,0
0.37363069955706296,2.629003719416884,1
0.5062349531161097,2.025413328433938,1
-0.568036337580935,-1.285667378713279,0
-1.8668484259399398,0.6662502412610596,1
0.7790109259059662,-1.1803085061202039,0
-0.3802499309009848,0.3669842962590242,0
-0.7689126496578141,-0.32627389485330627,0
1.4398314338708427,-0.17206945675991592,1
-0.19714650491495345,0.5137873690727195,0
-1.8838614510694285,-3.1741045303275586,0
1.3803966837181287,0.7991707385754891,0
-1.3753994744013294,0.580559359096319,1
0.24641221733230279,1.1234208500468852,0
-1.0857664901718231,0.5744281292430471,1
-0.7971588888941197,-1.3775454940795304,0
-0.3613047076846353,1.3211509953204892,1
0.6351141749639515,-0.4533505950772442,0
-1.0573018746859117,-1.478352020426454,0
-0.7039327490774622,1.1826310131228899,1
-1.1992200715007844,1.1180045842036679,1
0.32647170575999485,-0.6514871458242686,0
-0.8626760898685242,-1.0342772158614812,0
-1.7974756415995543,-2.5118538069312697,0
-1.3585480482261005,0.8676740195895534,1
-0.8280719563207477,-0.27342254066960425,0
1.4889253595617231,-0.48428369419549355,1
-1.2264286222583716,-1.6130704285787165,0
-0.35197325079073494,3.7765046180469866,1
0.022054440566490863,-0.7435306508053755,0
1.8505983966271675,-0.9341223516958155,1
-1.5929325366188793,1.5649573709621796,1
0.04479674827728464,-0.3705657969985867,0
-1.1361602237242705,-1.502430540168297,0
0.2771743290661498,0.4269836463233926,1
0.9533503577594833,0.7333101976122756,1
-1.4171860867838606,-2.239710214162317,0
0.4571027331504921,-1.3016979285106363,0
1.102426129839368,-0.7401178222898359,0
0.8699194123021484,-0.7734512286628824,0
0.9836204022432753,-0.9685467315650387,0
0.601664811740044,-1.2740476444197295,0
-1.2156149886914727,-1.4216411568813627,0
1.2554022859605052,-0.5233619287856153,1
-0.3770625295198935,1.6092253630884668,1
1.3991895591281114,0.5467217997284067,1
-1.045872253354428,-1.7770588822024744,0
-0.40910308864879963,0.1492345685086005,0
2.09678712674448,-1.020033651768623,0
1.269279834356705,1.6516505062433797,1
0.4323469203859931,-1.0075015554152225,0
-0.9062869908486451,-0.8838859935152819,0
1.3585681341041203,-1.223909141974301,0
1.1064989526537974,1.385335339180509,1
1.7302465118176076,-0.04292051988390888,1
-1.3261016953103846,-2.1871530468885907,0
1.955922146332739,-0.2484033116749198,1
-0.8964601227002573,0.9092005068187891,1
-0.13399295069823403,-0.16445658025711274,0
-0.9604887222670154,-1.2936737341929838,0
-1.2065476797062886,-0.5587215400843013,0
-1.7305001468122445,-2.0254804598949248,0
-0.8759700927882555,0.9015604115271905,1
1.0313834820183756,0.5036243893516492,1
-1.5783402780751117,0.7916857347114037,1
-1.6793897149026251,-1.90865216746058,0
-0.7551366862840698,-1.1048548928616795,0
-1.411281443946845,-1.7446633900953974,0
0.5193961648604835,4.111222053641265,1
-2.3014832191256978,-2.8996023876808397,0
-1.9353098157335502,-2.2565254813464897,0
-1.0445394243126758,0.8145389613304908,1
-0.06565729395845987,-1.0626203291406524,0
1.056121161492235,1.1755137726665,1
0.5714048302327661,-0.9481710972382011,0
0.3677861143268447,2.2656195704964475,1
-1.3790023719885869,0.889310274987315,1
-0.5195160476489704,-1.680036856900779,0
-0.7882967670103201,-0.3005553354847005,0
-1.4555847343601092,-2.6167265622080422,0
-1.891547282233446,1.2667847475695049,1
-1.6993488498612794,-2.6196879275727816,0
1.209087771734736,-1.2071134280878086,0
-0.4552635588648051,0.32709340584543,0
2.2558014186011093,1.046425552799905,1
-1.4269105775423592,-2.015744147254315,0
1.0715207584108595,0.9396143912935313,1
-1.4310371554978407,-1.8169694626937996,0
-1.026096695845021,-0.9199901700410519,0
-1.6081433118899682,0.5031497206713231,1
1.002271997417369,0.73478634817433,1
1.2331259858625607,-0.21743539981968463,0
-0.13400223377961196,0.0315533924602478,0
-0.389574054032674,-0.11363630686283843,0
0.5399551422195967,-0.9128623592303061,0
-0.9791335949291347,1.032492458713167,1
0.09275134950041464,-0.4529049971997693,0
-0.3536334817801907,-1.145620616097598,0
0.8917222445095702,0.6284805765396146,1
-2.201251148075144,-3.112410226127539,0
0.6347707327135674,1.741130545913911,1
1.620122157125477,-2.0961438273208746,1
-0.028186845434677643,1.741410709103481,1
0.1110417304880158,1.841005719901435,1
-0.9015788671326153,-0.9506399734979204,0
-1.2026398248255121,0.7266916543555638,1
0.7546804568274547,0.37862649949732474,1
-1.1940951952844585,-1.4402699767364768,0
1.8725865104220347,-1.4178086309327567,0
1.2652848661803784,-1.1304917954667029,1
1.315499490461991,-1.1355756116838844,0
1.6079121810579196,-1.583078750381887,0
1.0739230904033021,0.058870432651739746,0
1.4659268785802533,-2.2560763588469905,0
1.393292470987483,3.5331115514261695,1
-0.9973555043046117,0.9399686823632014,1
-1.4974154587643873,0.32180502799113764,1
1.8772859885395805,1.3042206671103487,1
-0.4848051919304437,1.2726750171084218,0
-0.5844990868971313,1.3145979235681453,1
-0.6676092266247773,1.0408596332500453,1
1.2230844024563392,1.4193093495074116,1
-2.3496948761306937,0.30478934939910196,1
-0.4934854944117386,-0.4795311804143393,0
-0.9911396890484306,0.9978383560445322,1
0.6526986394560852,0.805171493461949,1
1.5552074659038657,1.8421908066621344,1
1.608414216323299,-1.658670650611431,0
-1.4206090599379055,-2.394212692218802,0
0.07176287135514625,1.6221232861941046,1
1.6017104555000108,1.5408861124271787,1
-1.9702753842585654,0.04993620784085406,1
0.6974227428200225,-0.9521446527406972,1
0.9257356580124673,-1.4447688350159549,0
-1.9947498621399689,0.5404970049035105,1
1.0787147472686103,2.604763553274996,1
0.9852740311273633,0.6094290134155808,1
-0.612368692724194,1.3697580843727128,1
-1.0542302592662296,-1.5542665902893664,0
0.44414476082662246,0.9889307931684314,1
0.7543588708633385,-0.8239227638144039,0
-0.798054038385998,1.1980840554848602,1
-0.40184293147714734,1.51559784952887,1
1.748906062849394,-0.471751062500535,1
-0.8279701564990452,1.9876025351841173,1
0.112858283722299,-1.2442498580230212,0
1.4241301782315143,-1.5550099234127703,0
-0.35635894553602954,-0.19095063438041626,0
-0.19451828094320756,1.7266640075702306,1
-1.2696618890230749,0.5212796096743075,1
1.4294046320512834,1.5236727696416117,1
-0.6939397893324795,-0.9145130255299618,0
0.3568986309203289,2.2089126067422744,1
-0.6645984331778966,-0.5633177667692825,0
0.6752642965792202,2.116634270271586,1
-0.5687309867523653,-0.16750451835184066,0
-0.45579077690019787,0.5536538858030268,1
2.0177041278283667,-1.2032421316343986,0
1.958926181611524,-1.8363697309943126,0
-1.4455078137862407,-1.2910910622301452,0
0.6170995907660285,2.4742336411912174,1
0.7349454036645878,-0.5520334161117113,0
-0.9497892189033067,0.7753653191531408,1
-1.377806256469794,-1.6316328823401416,0
-0.6884356637687966,-0.49540236485074884,0
-0.11765121769882692,-1.379562368963066,0
0.5709410150235286,-0.5652404478631272,0
-0.6751837819672768,2.379197050752376,1
0.7491832597230249,0.8887917938038695,1
-1.2697262968745187,1.0380975733670836,1
-0.759559170163304,1.0614553313908148,1
-0.9709863985229362,0.6662493032832317,1
1.7263170408672543,-0.935609133951685,0
1.0135908589521898,-1.8769675383557982,0
-0.3760117530861228,-0.5658867580184797,0
-1.0844142918364514,1.6095955156070259,1
1.2574312733462891,0.5319074872898037,0
0.5268596167219657,0.943397711409116,1
0.8768910157930359,0.6904143380976153,1
-0.9793498655580887,0.5580280520672296,1
-0.8632456326563681,0.9121742138912966,1
-1.4955494603288157,0.6924269765394508,1
-0.8428346002469215,-1.0708934298800832,0
-1.8379039517394347,-1.6174787003956874,0
1.8750410541032387,-0.9964111169569733,0
1.314546379697187,1.8906228766644522,1
1.1083580295553734,-1.2703417773296812,0
0.7153717309747698,3.294528723271868,1
-2.045542772570034,-3.1598409876176174,0
1.4615680903666035,0.43116693011289386,1
1.0173208303665828,2.1093262945897244,1
2.730408847498018,-2.2774158295380147,0
-1.50105089020547,0.8804043594892259,1
-0.9702677929472248,1.4524895533921878,1
-0.6276483198532774,0.8742045777512707,1
1.9725833500592378,-0.268601800974108,0
-0.5537190082708552,1.3307960810724317,1
-0.7903730135442731,0.5642195630770301,1
-1.5760596986664674,-2.221448913046817,0
-0.6055948442346375,-0.5170864923243027,0
-1.4420908136930797,-2.0216373009966047,0
0.3017744066822835,-0.28160615214055773,0
1.2259328464625838,0.8971418816033415,1
-0.5529092002052782,-1.0351369345335595,0
0.7046915250707468,-1.0890147376806736,1
-0.029070875292488862,1.5322490349609144,1
-0.822224213087184,-0.429630038141557,0
0.07150369114207722,0.8400960622679485,0
2.281149648424546,-0.5304634937921653,0
-0.2690454745398738,0.19012319118684418,0
-1.240398997129246,-1.7810544091663312,0
0.43191194688998524,-0.6364261436269343,1
0.9641879789212133,-1.4704392588187232,0
0.6919065060537142,0.4426436164996719,0
1.3981873373964282,0.5914584921947041,0
0.9888720799348446,1.1958257580641685,0
-0.4784398378847452,0.8029987017187423,1
0.3749642138553464,-0.3750191845618466,0
-1.440980385142403,1.473884670537556,1
-2.2231549011801923,-3.36408505317933,1
0.33440802885854304,2.4942262712641856,1
-0.8382811823043635,-1.1303044415599044,0
-1.3489454442156097,0.6054936889422493,1
1.1604827817138774,0.8870819079101288,1
1.3626557305357392,-0.5613500116562982,0
-1.020880210174782,0.7980767739630225,1
-1.8708960391427776,0.640392795205531,1
-0.9529943021982747,0.992062088032096,1
0.9941313351988603,-0.10941531205291788,0
1.2539611041706127,0.1955048981683637,1
1.422650699885887,1.9216630926352651,1
-1.2234555978450259,-1.2101560580950577,0
-1.4124544415451985,-0.9503817343181484,0
-1.7796354832102574,-2.3725187676251167,0
1.4473143629045013,-0.9672026270302931,0
-0.3284431614341411,-0.34802736445412086,0
-1.218901975885917,0.8778491351504628,1
-0.6954216510365435,-1.0099622680208409,0
-1.4498848324977085,-2.0666810347524116,0
0.761855008106183,1.365485159765383,1
-0.7903501102903673,-0.9296432037409774,0
-1.607595107999381,1.0483591045087313,1
2.096177240757779,0.05616678866288338,1
-0.9086529671287069,-0.2590322208571463,1
-1.8243452849033681,-2.20627416385475,0
-0.47438926672994064,-0.43669020025576644,0
8.59722079127323e-06,0.1491697266544607,0
0.5488633228212794,-0.12176750086645816,0
-0.8146883961445309,0.9657975140190502,1
-0.5828562244779949,1.7879617556487664,1
-1.3488541691640596,0.7551535173975217,1
-0.16380010010941493,0.6424920921385873,0
-0.8794236559826365,-1.725694194436227,0
1.5637281540668786,-0.518058684689858,0
0.20453845938852766,2.1685059931268587,1
-0.987703972540457,-1.5040692123206831,0
0.5480040760670645,0.7925715323975282,1
-0.9429516318347153,-0.45104044427305634,0
-1.048547422359222,-1.606551527460292,0
-1.0473581647509786,-1.5941188478548702,0
-1.1923017782303575,-1.2497287144676847,0
-1.2056158441090432,-1.700630014719794,0
2.125512046880881,1.4558569535473245,1
-0.8621848961590003,-0.8057225367839721,0
1.6585653646036453,-1.7760059406819682,0
-0.5657435397288236,-0.3252165524092674,0
1.0420645756217446,0.8660077771604355,1
-2.267875163265896,0.3902425608276857,1
-0.9941679056519342,1.117949214557318,1
1.394557063500308,-0.8188132710142387,0
0.9200510677609771,-0.3143141769500135,0
-0.8990211707086815,1.6882303770777862,1
0.1912537063123525,0.6172746892026038,0
0.08003915917098925,-1.0025716262810966,0
-0.4845819350585592,-0.41981166977340156,0
0.30233832070891076,-1.7691573301357888,0
-1.3811540453746076,0.8526333288279088,1
-0.7592522069799823,1.0156263148978055,1
-0.5811809023423248,0.734374281849747,1
0.1837534305166152,0.9750130610970268,1
-1.1770488329782995,-1.484714942259516,0
0.5577427675103257,1.9197335026724012,1
-0.06342051297469486,1.1245002171328888,1
-1.5577061268847738,0.5716989282042308,1
-1.1503147787205084,0.9933798186022565,1
-0.7929934677254239,0.8117391982883163,1
1.9537466161888681,-1.208569441972044,0
0.6113533330066085,-1.6809464344415994,0
1.1793559506975557,-2.1284809409574796,0
-0.787549674557042,1.7083273526703984,1
-0.44583766920632995,0.40899659897018625,0
-1.406692823881544,0.8731820357569723,1
-1.712381529204363,1.0741122145818185,1
-0.7937777356885312,0.8964831454387951,1
1.8844786616301783,-1.284915105232563,0
1.3014797730255,-1.179641833294489,0
1.608288387955009,2.6051933107270693,1
0.8353768123144367,-0.9415743388524619,0
-1.0724636678257078,-0.8053487730396931,0
2.0261938284501464,2.9033242972719417,1
1.4944829733850793,-0.4020237130954891,0
-1.9011287781472557,1.0709065294498763,1
0.897937599469095,2.899855472672401,1
1.2952302719371316,-1.0186926521666713,0
-0.3058794733924023,0.4149895008926845,0
-1.3749982687429476,-0.5007210859717515,0
0.5961459122206549,0.2652421204819819,0
-1.4135076714330777,-1.808777801923859,0
-0.4885595187805485,-1.193125521659188,0
1.348878894302819,0.04275228091276406,1
0.8622632928109717,-2.517600075577461,0
-0.35611967328982574,0.2508644697876993,1
-0.10034064178544089,-0.934685606401301,0
0.6982135411856953,0.4223142593337855,1
0.5436077132949655,1.0234014619338812,1
-1.3738258125648835,-1.5748107716951023,0
0.09780747401869594,-0.2544376526483372,0
0.49569327887117975,-1.066378173149351,0
-1.037261441913168,1.2013314955463237,1
-0.26182375890811016,0.049603647119379035,0
-1.0408288984861975,1.3112298686388353,1
-1.2314932742353268,1.4398918747258576,1
-0.2506297667573627,1.4128487002926353,1
1.4175283424108132,0.18804682662801775,1
1.5440327350319574,0.5467728252221428,1
0.873268689353891,0.46270051038225835,1
-0.3967936940413237,-0.26860470357238775,0
0.011550817733002372,-0.3761038564344297,0
-1.2864543999214295,0.5870665467495517,1
-0.24328422311967546,0.03528903240921233,0
0.2758066188230627,0.12679231487586717,0
1.0758682957751449,-0.7161434119498074,0
-1.2003549776129414,-0.8708117857842086,0
-0.9001323564987787,0.6533810978446738,1
1.180404019840075,-0.3279916215049151,0
-1.2318620144024057,1.0887382398551608,1
-1.50555623473385,0.6240336229306791,1
1.6988544049921765,-2.4474549520584103,1
1.8337990297890694,-0.45271371221490564,0
1.455705480865395,1.8927581784976422,1
-2.3871943781397977,0.030781641326178888,1
-0.8303212140217607,0.6982341901970942,1
0.3664179552002893,2.6837840483703648,1
-1.3091738378246263,0.2610672849865443,1
0.8308998354792441,0.9911681810337376,1
-1.178743618322861,-0.5138469180850703,0
-0.6838519694666396,1.2047265059786585,1
0.8683468347726859,2.432841849434458,1
0.9037379697948399,-0.814335760776709,0
-2.340358587360087,0.8665798289216993,1
-1.4649480439389528,-1.2449235917139079,0
-2.082320434317001,0.233316894000272,1
0.1351941363796223,-0.03905932171407578,0
-1.271488782735767,1.0039137882898286,1
1.36545156751171,-0.06103630700356044,1
0.5894917814109953,-0.6107293297498967,0
-1.3601174866266166,1.1680740032648649,1
0.7039023851566553,1.7295954984656567,1
-1.6343666976412814,-2.1648332564522796,0
-1.4253090619244357,0.17991643114263012,1
1.622636243326701,2.725099083865511,1
-0.6861411200971291,-0.5485984971477325,0
0.5512123073698543,0.4631719175410328,1
-0.7857652593759573,1.0791400833366545,1
-1.095158981346562,-0.5006751685699564,0
-0.18981118072968917,1.679198150589059,1
1.543246466117255,-0.27898863362000936,1
0.0013579785589947768,2.1291400996694856,1
-0.988395498793168,-1.180566937440952,0
-1.4873036655786542,-1.506882390470981,0
0.2739863987211024,1.7483029047195235,1
-2.0479853780650097,0.4992923060506652,1
0.8936108248170318,-1.9157684663625685,0
-0.19755411474873674,-0.7119761346006346,0
-0.8973689482682474,-0.7233635621379593,0
0.42096221026914904,1.4560398786488482,1
0.8313998919554764,1.449377622696921,1
1.715706540215209,-0.8015057713758831,0
-2.5333842980633348,0.2254619854106431,1
0.7737142340293519,-1.7045851390671505,0
1.9956689552363933,-0.13813922566484793,0
-0.6786257405509006,-0.6437857479361915,0
-0.09199541796384125,1.925484356437736,1
-0.4745923470240728,0.7148102984706857,1
-0.7350539714575905,-0.6020243569438541,0
0.9055691188369228,1.917456103383676,1
0.6786047091587601,-0.5965205055297417,0
-1.1741545479127968,0.5866101814474083,1
1.8627271370903924,-2.125348600688161,0
1.2907731347758151,2.053412536314167,1
-1.3305845517006047,-1.1152603988947252,0
0.6667331399500733,-1.1126218270098758,0
-0.05426190783865259,-1.5898534889722031,0
-1.4931133461573882,-1.4932659277743272,0
-0.9297389576561096,1.1917365334713688,1
-0.1899472388973208,1.6619750491119236,1
-0.5597413229344405,-0.19708521769595444,0
-0.8377024889673536,1.211701308704297,1
1.8616612350554729,-1.017762659224241,0
-0.4984614730388397,-1.2510543061484278,0
-1.635236667565953,-2.568160492358445,0
-0.9004441920001264,0.8267687353443227,1
-1.8182127631399263,0.13540082841692835,1
-0.7682407185266489,0.8171451033570495,1
1.3875872861546628,2.856140621427532,1
-1.0981826308263134,-1.3550526986319258,0
-1.4626304810467832,-1.249544135666722,0
-0.06732085856843517,1.3524940382393524,1
-0.42036861714358287,1.206014315091315,1
0.3923850393514712,-0.709888597861652,0
0.799363402234435,1.8320796534993042,1
-1.6027522796279632,0.7864058121516821,1
-0.47045163357783093,0.1105421057173872,0
0.8103408757237799,1.616359438910393,1
-1.2263582001327793,1.4346223363577288,1
1.689312312336954,-0.07860018837355742,0
-0.45896590907386425,0.1673027616596252,0
0.9610727170370548,1.6069503650498136,1
-1.0803134709356297,-1.519886603135871,0
0.39666096328295053,0.7762557557133298,1
-1.1926008757028141,-1.5461497017568293,0
1.2594145460375876,-1.4882847149799363,0
0.4554417791250135,-0.5150600350861814,0
-1.0796466912473308,0.36386899840468057,1
-1.3805625898951495,-1.9446121496268671,0
0.19555777469636104,1.8841334504092746,1
1.410239650992548,-0.34094371692397907,1
1.2873006354773309,0.8489153380107849,1
0.7486923034982613,-1.6262371487273215,0
0.7821125753897801,1.720565048880799,1
-1.0140923547298477,0.427441122136049,1
0.22905350888173315,1.3709286416538853,1
1.3656404729942442,-1.5095580629527872,0
-1.1419163403676031,-0.5356038455359924,0
-0.5418889489784224,-0.058052900171616684,0
1.2329140758623596,1.0889752338090213,1
-0.8761641326802349,-0.9384565593451648,0
-1.136013380216721,-1.549822344216706,0
-0.7066433887849717,-1.2562710893867906,0
-1.2031032955740812,0.5258874937688065,1
-2.0603755822538155,-3.0046290019837505,0
-1.1061060227591781,1.1296954768100833,1
1.8987566476329591,-0.43832669753851294,1
2.1540640864528138,-1.1519170249651731,0
0.2609421477429281,1.540727812214748,1
1.2224082964285654,0.4510515745755548,1
-0.8906040056139198,0.7027885940244919,1
2.4226035066711615,-1.7122150771817748,0
-0.2619664179593816,1.1591256958595975,1
1.8089283510188212,-1.1916985946556293,0
-1.6698965509732029,1.0662060230365635,1
-0.6639668484527328,-0.828320996405556,0
0.6095881069240054,-0.22249012297265414,0
-1.1810350792515065,-1.254594212391886,0
0.10793160059517182,0.1159699430628609,0
0.2920341548727644,-0.654454529991163,0
-0.19154386126148037,-0.38512890670674915,0
-0.9184019917321079,0.6500195823628891,1
-1.3002091181224371,-0.6946661378235777,0
0.0194475760519901,2.116554749620306,1
-0.606871183282885,-0.5638352219819054,0
-0.9816368634823898,1.2467593780090094,1
0.5008588546828568,0.9981789351165118,1
-0.560863507690166,-2.079587790311524,0
-0.37447308738137275,1.9125024109149802,1
1.1796693249245478,2.725695032398911,1
-0.9155584899317688,-1.8723864873441307,0
-0.7067554726297993,0.6548786934603416,1
-1.2004257463547208,-1.2323152594859113,0
0.9455425394130574,1.862168128127685,1
2.051656170074674,0.08045118053427647,1
0.9533442293118595,-0.6695443815729492,0
1.01076082420926,-0.4014484856548701,0
1.248763412910957,1.7284245891080532,1
0.5234080098499634,1.917321426800605,1
-1.8533114373775172,0.591769225020804,1
1.3956294322460499,-0.7731631899399838,1
1.1694393001952583,3.201311603054766,1
0.6147786799846915,-0.15805737812349263,1
1.949059087095698,1.1309120922673104,1
-0.7119870245781312,-0.10152561230926349,0
1.366996273726351,0.7658308369833959,1
0.022846566872099072,2.2709215055869127,1
-1.0453602922425238,-1.2367460368715653,0
-1.259901302621289,-1.7407606663008344,0
-0.02674936240263026,-0.5723925879634351,0
1.2145667742464403,-1.2397263269558136,0
0.24063404225453044,-2.1809430171802613,0
-1.123666000575426,-0.6779489806729516,0
-0.9015257261870628,-0.9179137252946815,0
1.8267005026792975,0.4559352435724213,1
-1.1129953993762312,1.7827839683088593,1
-1.1838958851970764,0.7253915440363561,1
1.4535474448737025,-1.8053672374161587,0
-0.8614910332199008,-1.0664735302256956,0
-0.2798030494106928,0.3999458166525345,0
0.3729665889720597,1.8738772984707937,1
0.7435234740756993,-1.1683452821577245,0
0.7070285087161536,1.8590314593624466,1
1.1331666638012827,-1.4712628070081943,0
1.37804035051446,-0.7637899636880294,0
-1.4465971086401508,-2.1503826321348654,0
0.10065203583921867,0.8730227776733119,1
-1.2051226408380222,1.2029154042093766,1
0.5894983534126613,-1.1065278707577682,0
-1.0039060900748509,0.49967754522910246,1
0.6277896148761675,-1.0185656960514413,0
-1.4643569438446657,0.37763374519510007,1
-0.9216361759979896,0.08682466160170499,0
-0.919687648502354,1.131505126217816,1
-0.5952234020116134,0.6792035047029137,1
-1.0972789443308317,0.8109084864866475,1
2.148377516480122,0.4311730087270643,1
0.5054736078521495,1.2743084864455296,0
-1.1946653683538802,0.7649645127355124,1
-0.8290822865223206,0.6323153990730626,1
-0.6200842998499958,0.27654076383421367,0
-0.4144634519094591,1.4441294513871406,1
-1.7609502825814065,0.6122410457806402,1
0.5061322659596925,-0.7185333560421281,0
1.8295235076698066,1.664099773096335,1
-0.234835329174794,-0.7931337314337585,0
-0.252321978172396,1.2194496750052233,1
-1.592377307267614,-1.3991540021184403,0
-1.7935467033768389,-2.3554567360194816,0
-0.1570402799361057,-0.11951020783328936,0
-1.6068071081973176,0.9801487693347174,1
3.107305323868568,-1.6450200455067023,0
-1.251050585715182,0.8179600940620609,1
-0.9736439209066614,0.9582423010972384,1
-0.497910133684745,-0.2990992498520526,0
-0.7300295379586861,-0.4208090324144661,0
1.5550136583345742,-0.44969408367290065,0
1.2875043584967845,0.059635422213577316,0
-1.6649349748229454,-1.9712070374949486,0
2.0723462558428665,-1.348753459958182,0
0.2417649591611667,0.5311484460124387,1
-0.4753198514699074,-0.028307882506545923,0
-2.72784473006363,0.3805127769706188,1
1.6546617257012313,-0.28981981129537226,1
-0.8364184271399782,-1.8689319377217344,0
-0.433866796851999,0.8420944505718692,1
-0.7814964032903822,1.3394541465558318,1
1.474372280230904,-1.4744069575098202,0
-0.9721118110624553,-0.8325327445943412,0
-1.3507773440218949,-1.4107830114779414,0
-0.46549526224366,-0.3159229957003691,0
0.8858308696139849,1.276877296471304,1
1.507843753908702,-2.171009939565706,0
-1.3909898601696493,-1.3233832619615002,0
0.7979629434347636,1.8772424760806037,1
0.13562819178426777,3.867419718578952,1
0.5126675377935912,-1.160101971952256,0
-0.493365226693374,0.16696171778381852,0
-1.9660835677284034,-2.6391561796862826,0
-1.1272781404715841,1.0069152687213037,1
0.35804870195463046,-0.4508523500523378,0
0.9387768203864509,1.8297458257168207,1
1.3420881794128217,-1.0757035867589164,1
-2.1218572319847375,0.7122539796233709,1
-0.9455896029885908,-0.3283730284410967,0
2.4068752383401515,-1.1454988140244398,0
-1.9580836705936466,0.9630358235809897,1
0.46751565786893845,1.3193963142617955,1
1.2053761351588939,-2.324472514813536,0
1.118752442277272,0.9027870603531553,1
1.2472085041653307,-2.119344517724372,0
-1.2720751404545818,1.3754187081621407,1
0.509758380727275,1.3699229697918778,1
-0.6346029805272646,-0.44593169067259386,0
-0.17449140413604503,0.20520545204747886,0
-0.9655112571193492,-0.6681355397039129,0
-0.7030131937839155,-0.4574897966372433,0
-0.9532346254506321,-0.8859445590613846,0
0.8493264691428686,1.2288724202825658,1
-1.0261398767325443,1.487594853921117,1
1.936138286932595,2.2392401629343817,1
2.188482963704157,-1.1253014786862106,0
1.498744605945966,-0.6166658708870077,0
0.5510743147165309,-0.5417991204917443,1
1.4400898921396892,-0.32583129242669784,0
-0.2785349895075724,-0.2648962981132703,0
-0.9327112711009804,-1.2323407488750804,0
2.1515606248253407,1.4532748980362127,1
2.3854939126889896,0.38543702794297285,0
-1.859536415146935,1.0660334468161325,1
1.302306344585443,-1.652147432368756,0
2.374613371933777,0.9038877687012375,1
-0.4264146520981442,1.0027212826570913,1
1.2324335789853114,-0.6624358475636651,1
1.8519856119050275,0.7997524666138272,1
-0.43520353160721803,1.2560076564319291,1
-2.252745589032682,0.9991101303200721,1
2.263909732188308,-1.0002778208329028,0
-0.9922347664241176,0.3553263024110994,1
-0.05809513459879834,1.4083671663524528,1
-1.51272642612977,-2.005827591352582,0
-1.410032085934769,-2.1854878067322443,0
-1.5975053485924295,-2.5053572859869675,0
0.4824710946881563,-2.0283138240934453,0
1.4086914261143595,0.11530723354919858,1
1.5046847808396016,-0.9494019489518626,1
-1.8883378468237142,-2.707992014857879,0
-1.5606280665063617,0.7513868678687532,1
-0.22097035747270588,-0.09917864719091918,0
0.888569480491153,-0.7314343816679343,1
-1.1638793831436463,0.44133901253965924,1
1.3493902344562698,-1.6219779619752948,0
0.7567159542191458,0.0434632378266141,1
1.5606555037828675,1.8240140537478893,1
0.3287310526790459,-0.09287820755415876,0
1.3735644267870288,0.2928193302884522,1
-0.20697039575561627,-0.43938446955191435,0
2.032514528487929,-1.711776481091721,0
-1.7922620734022652,0.7174082836514755,1
0.990269505613757,1.3060534692881538,1
-0.7776968879297242,-0.19209062592662962,0
-1.1672329616302455,1.0806415296947154,1
0.885156558664777,-1.5775481413702077,0
0.4660241684878571,1.6782330908409087,1
0.9294657006872721,-1.3767740233855692,0
0.5289959624976126,2.074747700132262,1
1.024017764871106,-0.9210265463649434,0
0.918157719023003,-1.9859405030680153,0
-0.8504639646903934,0.649450989756803,1
0.7384012270075857,0.2374982000431689,0
1.49501129460492,1.9591165921903397,1
1.0307803520120522,2.0448850678663573,1
-1.0665074404275794,0.7127972121838146,1
0.44298370144961374,1.7278154070375145,1
1.1949271451977164,-2.2119223692343644,0
0.07897684273742556,1.4339429308662242,1
1.4319359011859996,-1.2883539145637775,0
