x,y,class
-0.9030147520782938,-0.9319673196005199,0
2.253150184978287,-0.6131226036891211,0
3.2399275207255567,1.0013313735010945,1
-1.2576526566390809,-1.5590509948410363,0
-2.22999999709452,2.202684957130133,1
-0.7557844517326704,0.6046175779339378,1
-1.7276572178233371,1.9644708668064637,1
0.4072569623649761,-0.4838202932020145,0
-1.2913167127695522,-1.5825464693799898,0
-0.6351059737277858,-0.5407803406245055,0
-0.5197263886616286,0.7138823684696565,1
0.33927565334368137,0.8670094947006348,1
1.268587553078612,0.9424234406448957,1
-1.293516079951929,-1.513032967034143,0
-1.9417018891355822,1.032125312233513,1
-0.9703611782821986,-0.07516553763224931,1
-1.326308347419082,0.7353626578657109,1
-1.5959504066489298,-2.0134356256030568,0
-0.4454217923471515,0.026404010112301535,0
-1.1166950462567757,-1.098958534243931,0
1.421353897123862,-1.8483203685208924,0
-0.6404870590626743,0.26795811030666417,1
0.9840108279922444,-0.9856729624125926,0
1.2463448637801964,1.5194252867099214,1
2.5379727766158906,1.157084191532727,1
-1.5583792030513632,0.8697256754208824,1
-0.8069986492574529,-0.6362495635040197,0
0.7180500891666268,1.4769105635175428,1
1.30778150017901,1.2031881144607117,1
1.7967683614306054,-1.5874636209063042,0
-0.27549292874203135,0.8736096240237409,1
3.009252194121274,0.8956261515675124,1
-0.31579159996867356,0.6448572609713811,1
-1.163883902957206,-1.3335312770575831,0
0.23014836971031338,0.9416278846897935,1
-1.4215688196485015,2.173288754869462,1
-1.506950958465402,-1.798069966606474,0
0.9887400360150244,0.8197681024524921,1
0.9348283638608156,-1.6026933420004863,0
2.1646838538771465,0.28815215830563146,1
-1.3682352347801474,1.936742715271204,1
-0.4009904580887118,-0.007096551779763427,0
0.4138637395707907,-2.136934185641136,0
1.5806050409267343,0.8493437519484668,1
0.18295304150583214,-2.137002357697713,0
0.7630201172015006,-1.3430530503814153,0
1.5714931978876672,0.6227623089042172,1
-1.228600683197239,-1.3031891750801927,0
-0.9685652530873792,-0.876300689289343,0
-0.06339983995356924,0.7343019558670492,1
0.9381503078272893,-2.0725189944504523,0
-0.9181242034493688,2.340934598577629,1
-1.0736963558936279,1.3716218580945683,1
-2.0743627691247974,2.9866336985994,1
-0.4702815748347181,-0.2994232174824558,1
0.9651347281296164,1.1395428502720844,1
-0.8243434680904889,-0.5590780163011073,0
1.5594424245922172,0.13425577976477399,1
-0.150344948937693,0.4901786159993289,0
2.005549557849148,0.10722596720224553,0
-0.45367247564992175,-0.3190580537309582,1
-0.7500456229800938,0.49548316827171834,1
-2.034752929631883,1.3806813828562934,1
0.7520768163082289,1.3192253383045895,1
1.9155272886560004,1.295691998460051,1
0.47493311623625445,-1.5372831111472487,0
-1.2379052094349956,1.5938421938732008,1
-1.1539563354557132,-1.2418571593860814,0
2.0015273352926615,1.41899751979156,1
-0.933182614407805,-1.2609092956919095,0
-0.8326378853239758,0.4643479616080062,1
-0.882607872187497,-1.7612339229770813,0
-1.0643227573702159,-1.0919113854187756,0
0.10761232940509435,0.86367143312039,1
-0.6585648952635335,0.2992094465725176,1
1.1384020779381374,-0.9381782759304025,0
1.0534677665057381,-1.0575081373433108,0
-0.6230197424085113,-0.42068389001857265,0
0.7761748725316482,-1.2356237918191608,0
1.7029150701402025,0.559170600189997,0
-1.7519132548124645,1.0658578531446377,1
-1.1707230379181144,-1.3424674915010633,0
-1.7454078025561632,2.2654542015126107,1
-0.6648224476284202,-0.5128544296730968,0
-1.716980350316764,2.070545561307807,1
-0.9726487037823434,2.195613820184154,1
0.4140261896874171,0.9082990822784788,1
-2.6902398351196473,1.1834428682678793,1
0.33768415043644195,-0.8292466139305689,0
-1.1022954710034585,1.695546298570961,1
-0.8213138496659201,1.4471028286118448,1
-0.8838861383537678,-0.9041622954805119,0
0.6703401291686346,-1.269125715327253,0
-0.1333660283879694,0.7808668123771343,1
-1.6515677686801165,0.3200072134801675,1
1.2998858430968097,-0.9194008074075084,0
0.8745909425098962,-0.045097652742962735,0
-1.406990600936853,0.43517056495568707,1
-0.4811853095846146,-0.15962886506683127,0
-1.353662617845445,-1.4197456445181158,0
2.0750291680703707,1.1125050853619047,1
-0.617586006546719,-0.1356842503139426,1
-1.0845885963589588,-1.0878572456269568,0
0.8529230772833659,1.1011904435603153,1
0.9559674001350961,-0.38498809517135835,0
-1.114422741407583,-1.227622234631812,0
0.5506255011750856,-0.5029281009779546,0
-0.39010020008260904,-0.08879699120663498,0
-0.673886333384463,-0.44141340348662694,0
0.5557808466385009,0.11189787919656258,0
0.5318696160950992,1.0312307574952164,1
-0.9654323433997534,1.3907136037240726,1
0.7206178130117247,-0.7504357592095479,1
0.2570554301263849,-1.235886912915844,1
-0.5951925358024578,-0.27287986102287487,0
-0.25870547747440154,-0.5413551332431816,1
-1.401591288383117,-1.550102904294858,0
-0.6127408209023908,2.3932635345235767,1
-1.4962541405210006,1.2257725913107873,1
0.3510087349713602,-0.43699706952435247,0
-1.2338999347739439,-1.398323477288344,0
0.508245411356482,0.9702379449330709,1
0.8974538982045721,0.2728995631425446,0
-1.0070531209432128,-1.0348121985137142,0
-1.0017603450895929,-1.183905341723551,0
0.1962490634936228,0.686697485340374,1
1.0993772115002935,0.7613436052598653,1
2.4927163524268856,1.115645933875923,1
-0.8811302411770323,-0.8011348840435815,0
0.3197988177626486,1.2087508570333723,1
1.1480884643069884,-1.9619561137776969,0
-1.0364307648908864,-0.9813536497265449,0
-1.5100324467362978,1.1833759944702382,1
-2.576201388731925,2.034551714327108,1
-0.4636157001624528,0.5711941166057262,1
0.8562784729397172,-1.8084367119901996,0
1.5397680549869053,-1.537500170598224,0
-0.7980007950572419,1.1320122545745286,1
-0.9577593410289982,0.42721401516789714,1
0.7614714511358531,1.3779943017346428,1
1.4331620735238915,1.2672206369002643,1
-1.0958295955702853,1.485466187240802,1
0.15636584438172052,0.6528000739504765,1
-0.20341490993183065,0.516559920636694,1
-0.1307453558266719,0.8247755577287454,1
-1.8385297068364437,-0.053743260611310406,1
0.655361229699055,0.47011055052605677,1
1.208408102026569,0.8680894594802108,1
-0.8454583151484191,-0.7493064940313863,0
-1.0507340244226386,-1.2511783999899153,0
-0.992878853814213,-0.18179868160139412,1
0.3313377139022491,-1.6063522588666896,0
-1.4956724706052522,1.6199860400992696,1
1.089289890625401,-2.022087735700511,0
2.9627428471737245,1.5952888666113498,1
-1.4271155340492305,3.2288215763443935,1
0.31807112421080797,1.3849155298107059,1
-1.1643858126144928,0.8933436740162728,1
-0.9076790107389731,-0.8480406319452982,0
-1.8263341421010288,1.661989097927097,1
-0.4918247744425682,1.4740868039265917,1
1.4593317538160693,-3.231973301409669,0
1.3525663755049984,0.26127613135175154,0
-0.33675871984578165,0.058978966919464915,0
-0.3501802197557018,0.28924573820695565,1
-1.284507505255744,1.0451796650132243,1
1.277814632145058,-0.7490188284298231,0
-0.007980742437843302,0.7707737938540528,1
-0.4068996767708387,-0.0827205875894037,1
-1.2970787112611748,1.026987107180602,1
-0.9730242612676979,-0.9358283213161028,0
1.2180747741350664,-1.99778341847981,0
-1.42468460653333,-1.7764016158695428,0
-0.16802818195326008,0.5888166521557711,1
-0.2248728596873918,0.2391037654853092,0
1.2831396159187982,-1.099621403766021,0
2.047012001567019,1.8726411262236833,1
-0.38553530921721,0.6335668554041792,1
-0.09316415523068877,0.18035683559072524,1
-0.4778519210399843,0.9979218191343078,1
-0.3175497208105972,0.1522583103617161,0
1.1801065446182495,0.09179915123204707,0
-0.1796796320825167,-0.6377675871168971,1
-1.8160227185696391,1.9650282582106464,1
-0.1391189402299966,1.7023565042104818,1
1.9288353887830905,0.7932302275410097,1
-2.5946280401997543,2.6190218462898436,1
-0.7145890219849431,-0.6902568915460919,0
-1.3596521096443082,0.8127960788698876,1
-1.4817124554920933,0.8756885014127619,1
0.31651132921231406,0.5746539254171616,1
-1.2993585153137368,-1.3819989863974131,0
1.1704866029075254,0.8763708466337021,1
2.142970547506909,0.9264977876866703,1
1.4301542079192104,-0.6805710144494227,0
1.2741461454326901,-1.0913843925090172,0
-0.4194278013637214,-0.10680066510434327,0
-0.7633923077689224,-0.610110812781226,0
1.712589902435496,-1.6878080170431788,0
-0.46684578621529327,0.8603803296591954,1
1.597663801427215,0.6177387864884755,1
-2.063903038755659,2.0244128625993465,1
1.2238672760685607,0.19714719868703612,1
0.6726889065425062,-1.2963048350080277,0
-1.4706437890370265,-1.630555689720956,0
1.3080928670190657,1.1734667510589927,1
-0.9253870264595583,-0.8503567251514085,0
0.48936715111920326,0.7718503839130872,1
-1.498452639754636,-1.771927261865807,0
1.6916527127514727,-1.6271650309715935,0
-1.5087601446787204,-1.827438805456561,0
-0.3079258639785468,0.0684845551711728,0
-0.7065610092986272,1.6354216164382502,1
-0.7548667592352694,-0.6334488755372689,0
-0.43448169709155093,1.1542570063037918,1
-1.052644572225848,0.5563359144325719,1
2.6996955876642836,0.9003021839899455,1
0.7190832434366794,0.7840677210521356,1
0.7073841939533853,1.2014326282697143,1
-0.827816452285273,-0.8905027325446496,0
-0.7389501045203555,-0.6620092634205624,0
-1.1822085849203847,1.2305198851004184,1
1.8489626810686146,1.1140199473421655,1
2.168138716994944,0.9490900202167428,1
0.6764194816925413,-2.464722982846872,0
-0.667761938558205,0.6277659031711745,1
-1.3268062626330508,1.6527963003064956,1
-1.2210716923974216,-1.3365871724357095,0
-0.9429719433039198,-0.9378713946866073,0
-1.3814900860782307,1.2694979889252256,1
-0.9256975873525763,1.8463013618800317,1
1.5179621758066892,1.0453068603181337,1
0.4362081633531347,0.06315666893692806,1
0.9354929257004835,-1.949531782240931,0
2.087779089353589,1.0391898638241943,1
-2.4418453807956926,1.9327743750283255,1
-0.35882077260769485,-1.2989443083124166,0
1.437578445071819,-1.8162170648561742,0
0.40416374290681023,1.2950252687727728,1
-0.9660544072558792,-0.864631947589106,0
1.0235343744718426,1.3549860611624294,1
-0.9393923258345954,-0.8614235600832022,0
1.0542292465596443,-0.35771865185286933,0
1.1637284252760156,0.7213735265379028,1
-1.3041724807419288,-1.5163239585563586,0
0.7207780433065124,-0.7568101105901386,0
1.4546832133992058,0.7866320320541214,1
-1.4065330628580122,-1.69505272860418,0
-0.709138163139911,-1.9884772125992034,0
-1.737864830004031,-1.9677647604163302,0
0.0025172135074742474,0.46574127420679834,0
0.9297281934185093,-0.6638786545059232,0
-0.7907386342489011,-0.6603170237000615,0
1.0792563445112544,-2.3107599611178644,0
-1.3821971034846283,0.7067681749570162,1
0.49393753370438287,0.6850970771461352,1
-0.6592368298304712,-0.6835203277528714,0
-1.0634304682066829,-1.1178232702302078,0
1.3199962589393242,-1.187368937688183,0
0.1526046401637271,0.3982619756141492,1
1.1080553216011322,0.07222224394165333,0
1.4907342339855545,-1.7398889000142983,0
0.9622258585568818,0.8846471966818961,1
-0.19050245510436836,0.10511005936489914,1
0.8533663194282131,-0.8542472403782427,0
-1.9430543192362322,2.042594021960303,1
-1.8033482292254437,1.0927650422240034,1
-1.2860401249528302,-1.4113886702476064,0
-0.7193809834654163,-0.5729396766861856,0
-0.959805625144647,-0.9191476024873236,0
1.3881952046207224,-1.1963743675622673,0
-2.8025983400127714,3.2359531832623154,1
0.7903028166150724,0.11035508650943715,0
1.8222983088818672,-0.27882343456015934,0
-0.016672778587149883,-0.0010951226731394925,0
-0.885622296365385,0.40562328597313047,1
1.4100518535812356,0.6730242271107421,1
1.200000440865527,-1.026417258583132,0
-1.4980548879055817,-1.8115400921890243,0
-0.15808049348975972,1.0558196037682577,1
-0.20321799972650312,-0.3036014117602268,1
0.8435367982851167,0.3807170926098391,0
-0.6101181404794354,-0.2708888175237386,0
-0.3989641220564266,0.025539687161865388,0
0.7375140953113389,1.5957068446192468,0
-1.4153748935243122,-1.6566032270904008,0
0.012747640398723559,0.549640720354043,1
0.1143591293130587,0.8107802577618684,1
-0.547745325187466,0.649897733295063,1
1.927928090508754,0.5793129595872346,0
-1.1271737270743092,-1.276596116716711,0
-1.351773162250498,2.525719942380092,1
-0.16767670277518443,-0.18201204400858684,1
-0.01661426135466315,0.6009383495346365,0
1.1871914291095809,1.034719420010728,1
-1.3476927044138756,1.2256254481909286,1
-0.5974836107476096,-0.4296216051320034,0
-0.6522596477982715,-0.5923679553040346,0
-0.3891624054748706,-0.35888771560241084,0
2.2009057791654913,-0.16330579663163824,0
-0.4706122399460222,1.1318056859653627,1
-0.8829942157947057,-0.8380415252748058,0
0.47412614917468165,-1.0132366133045365,0
1.7070719364721463,-0.7839683783091244,0
-0.6681459611716734,1.5377273098267525,1
0.7189487994004751,-1.199860214182534,0
-1.511448204475065,1.2508876200466492,1
0.8128152322632076,-0.9852984556848332,0
-1.8675887417136274,1.4324254908965166,1
-1.2153932080257812,-1.4471201387599528,0
-0.959381430037921,-0.8705271958059189,0
-0.39502191648766183,-1.2981212343422583,0
-0.7123636765559586,1.3326339583991944,1
1.4905914210028328,-1.539341054762504,0
0.9059699331928022,1.208389315928554,1
-1.896713837474699,0.3578991255799874,1
-1.0492128488632997,-0.9961889866523912,0
-0.8799614887195832,0.5946846447643193,1
0.19082966019866288,1.479061394135527,1
-0.7378078927658409,1.0601564538463422,1
-1.6034367190308838,-1.9954902204746552,0
1.3860922306734045,-1.3726785708821054,0
-0.2170315523895754,0.6779559423381201,1
0.17386333571279877,-1.0240973738953725,0
2.4877719844933877,1.4762623605402068,1
-1.2289994798608979,1.7031225647975732,1
0.06434435500452573,-0.5764367613281913,1
-0.2941791253867039,0.7684766112249436,1
0.6948000374347875,-0.029102444592318255,1
1.798478905480846,0.8200135673332962,1
-1.4376729618753463,1.1526719868651187,1
0.3887558355639549,0.361939884633776,0
-0.8790514057108191,-0.4329602449702372,1
1.1245861383269646,-1.2560640926004565,0
-0.9680976929887761,1.1648970582778995,1
-0.16306331492208748,1.0633229105385205,1
-0.010048010927548479,-0.7087161158995912,1
-1.2808163188874968,-1.3936764165263535,0
1.19974722569055,-1.1364023040976772,0
1.3736532292047197,-2.6221484823813643,0
-0.9511421991417776,0.899485174769125,1
1.1217680084002069,1.1349227127645085,1
0.994837479636356,-1.694550514884738,0
-0.1672739647521957,0.6936245422200954,1
-0.6024823621620811,2.3200374504790986,1
-1.0598821743011158,-1.0787894935299298,0
0.9685367481639412,1.1052250403477915,1
1.8010101961756675,-0.7602823010925484,0
0.7088596423001767,1.254599080883786,1
-0.4752205099833027,0.28857686259973003,1
0.2790302488756027,-0.12124665272377766,1
-0.853767462481215,-0.6253661871725121,0
-0.5884194377240544,0.9941940933886853,1
0.9775543816217626,-2.567702941291551,0
-0.45713922410832475,1.0794336745958724,1
1.533580287260123,-1.8186630864352802,0
-0.7331116546203802,-0.5733425749935557,0
2.025232268555711,-1.146634527611516,0
-0.43125228215487943,0.9527622601208967,1
-1.4340464850524308,-1.6362748162867273,0
-1.847050467211634,1.9705550635349438,1
1.324354545831587,0.7642163205563078,1
2.1316139410135255,-1.3855447746270748,0
1.3855669282844838,0.6358451807524832,1
1.0657977684176463,0.2201857757473601,1
-1.0091338966913461,-1.178825706230571,0
-0.41047910365329776,0.025132039264615935,0
-0.9010284760227995,-0.7276685916361395,0
2.263498972527211,1.0767585654679674,1
-1.758734556175034,-2.3176786644175182,0
-1.5577371623789222,-1.7394894538226584,0
0.14012210687249216,-1.3698403607019114,0
0.18369647168339953,1.3951134174976147,1
-0.6902386708876034,-0.6232760554113771,0
-1.2251039112196562,-1.3721870644767802,0
0.8354596348894969,-2.0657909346908996,0
1.9349432950020464,0.8597637876179951,1
-0.2567184887278593,-0.8194230103093081,0
-1.1861615636887068,-1.3587079749886266,0
0.9996262653977265,-0.6076543536237985,0
0.5480718598987103,0.6590203409266244,1
-0.0221408279685682,1.6217071304313053,1
0.04916914559192431,0.2869225916703687,1
0.8318104835980049,0.6346000925044695,0
-1.590484912249765,1.4256452053121493,1
0.9595957864427208,-0.06976963871890296,0
-0.7898803509067981,-0.7216557918323899,0
-0.6927756411835093,-0.4616489234360539,0
1.7338194245446474,0.6368779028570566,1
-1.833318711054564,2.496605027570014,1
1.118065642043975,0.7611958323430978,1
2.0208818914467717,2.473103280155198,1
-1.2359769056222445,0.7957155025294093,1
1.2303408233082425,1.2169855921361605,1
0.6281075952041193,1.0662960435238937,1
-1.740881879399329,1.1921132179405505,1
0.5512285989778438,-1.7132166564821794,0
0.25697743000029527,1.5072857187468538,1
0.7418575022504504,1.2700820185685167,1
-0.6150316154254605,-0.8105554522294347,0
1.3880399508150252,1.3388506198381653,1
1.050384129972724,-1.5367326570157838,0
1.2591500339426827,-0.49810701140717994,0
1.2935966715676304,-1.5519236141509254,0
0.1731662430476153,0.27159172766868633,1
-1.7555167996629126,1.2637233826123597,1
-2.262968174252973,1.8329132499252057,1
1.9748012873433929,0.49084036865898284,1
-1.48842459602778,-1.7705770934664171,0
-0.5019127672264188,1.1419753222125282,1
-0.4087740823599507,-0.056714070547230655,0
1.0753870139824724,-0.040148067105721164,0
-0.022440744473139596,1.1149163148022136,1
1.8335949619195118,-0.7315169350193398,0
-1.2376285217094154,-1.487234619200176,0
0.6734509366124639,-0.35663289855381575,0
0.9864876216127427,-1.0051076487835418,0
-1.1406702319150357,-1.161560621711477,0
0.6164465213508441,0.24391420626065563,0
-0.8941347804680276,-0.843699224151587,0
0.06093486282087879,1.0541468273813617,1
-1.7904713583460983,-2.3785606892114206,0
-0.8818146160611968,0.7353958565352936,1
1.0717105876031106,-1.3138676548109198,0
1.1789897189683685,0.1205654244873926,0
-1.6507548797361364,1.9226209360336504,1
2.0239423613848877,-0.5219833098168662,0
-0.03159199150562442,1.0221206060848573,1
-1.6774113519934328,1.584932433898163,1
-0.506162507221385,1.4210398976057677,1
1.7066559707010733,0.33364249889079955,1
2.525079893532813,1.1148584380199689,1
-1.2000732473964262,-1.3251510566059113,0
-0.9372783100827212,-1.0628351662069302,0
-1.3826113963015372,-1.6479214494307999,0
-1.0666625356963328,-1.0231255822165577,0
0.637881920825798,1.2736191045458436,1
0.07513483954165956,-2.174444569758708,0
1.562216716487808,0.6438055561916739,1
1.7396826817447508,0.5352036155840878,1
-1.1134805448331617,2.4125620752048302,1
-1.1473399674779419,-1.1102962245954109,0
-2.057005764770152,1.6773003768606092,1
-0.9115438160684612,0.8309356812085736,1
-1.2578968364576237,-1.4812023044222897,0
-0.0994187504282813,-0.6049156383786212,0
0.32776075119338866,-2.284345817378054,0
-1.0765817339363943,-1.0986461339456026,0
-0.08759326377907928,1.2419464424691156,1
0.5536391667331839,0.7290344052155953,1
0.9976139373423731,0.5754880209924764,0
0.49713996330414445,0.7259671598634251,1
1.814136974246913,0.8853956544993624,1
-0.25259791260223785,1.9054210064724146,1
-0.3238964866656271,0.212846391820394,0
-0.7939997297419379,0.5526061394438717,1
0.6745621156459968,1.6903621458814726,1
-0.7055690438964273,-0.5628218528737408,0
0.7959091721811931,1.3384861612879075,1
-0.0027058740994323482,0.5968561035806492,0
1.6046418344484088,-1.4742824773776575,0
-0.9492093233070573,-0.9285015593112877,0
-1.4628526787851541,1.7023462158021552,1
1.9020926784277208,0.9982080569523241,1
1.1065187758891437,-0.8316014256516625,0
0.5545952964973765,1.2690556748427109,1
-1.9326321093255823,1.1832764245475462,1
-1.3786774039818845,-1.584410096145048,0
0.8906380665275078,1.2974238420071842,1
0.307912128827208,1.8080016297599506,1
1.3122983621772777,-0.29156679617566483,0
2.366395205974513,0.7146026841817801,1
-0.7760364679601481,-0.4715366369629521,0
1.8242978121244735,0.9147126951680921,1
-0.4882529565240741,-0.17263925446735595,0
-1.3805925725689088,-1.649355424797466,0
1.0080104549650195,-0.23071423396841362,0
0.7816434203508749,-2.015399292659628,0
-0.6099275081711275,-0.031051216473748644,1
-0.7927229994883835,-0.6613818786549296,0
-1.3614934916269839,0.04026459984420072,1
-1.0919440923052322,-1.0982499432312953,0
-1.9429626427022813,1.6448227830280668,1
-1.320789469244536,0.40650716570609113,1
0.8660449260324001,-1.5839565683072698,0
-1.3500786847006272,-1.5271723797175862,0
1.6215790837405077,-0.18599242317570808,0
-0.4566410632049275,-0.03521336726711388,0
-0.05045799141695384,0.44080861478471367,0
1.6546775144968071,1.0938607297020178,1
0.5905918211202366,-0.14235693172175812,0
0.24442102214974226,0.5913102804308259,1
-1.2025330797922806,-1.1686828633826942,0
2.0263738900695065,-1.8970643913869454,0
-0.674892247749719,1.4532208467617436,1
-1.4623532014879204,0.6419172887812057,1
-0.9433980653894098,1.1137708457084028,1
0.2206345385789399,-0.10992204945694684,0
-1.5167145906603987,-1.926475599839984,0
2.1053326082161297,0.7965366436723281,1
2.5943838833838253,-0.9739423712547557,0
-0.931061929809189,1.1998175900898302,1
0.6612099990752873,1.306101085695651,1
-1.330248066984682,-1.5353725452409144,0
-1.0882743294144934,-0.03211316390338115,1
1.3324895217208281,0.8042013997567699,1
-0.8399104205860757,-0.6891532289477287,0
2.6662519595708094,1.665240592365095,1
-1.072481973518829,-1.004334176480987,0
0.3269032979852816,0.6175790984300222,1
0.35319288998552634,0.9284333557387527,1
-1.0969923543062607,-1.2186283517539178,0
0.20213823665823294,0.7597527002848969,1
0.620315183636257,-1.0240815024408594,0
2.0288683825279623,-0.05297721643817055,0
-1.1171967077009517,-1.1926879314504326,0
-0.1335357259969202,1.2348090648206422,1
-2.487251902117671,2.8722635915636348,1
2.3924580630741348,-0.8629692913923537,0
1.298019446932555,-1.2573645916839444,0
0.3090271746903097,0.07569355565965308,1
-0.9794723714859125,-1.025766985253515,0
2.3618340741279047,1.4169950471589414,1
1.6962357456433814,-0.798727025682429,0
0.3554772375222901,0.15963018129077855,0
-1.6856124813466487,-2.070496354702355,0
-0.9079245786846417,-0.8907577455502182,0
-1.6135576152821292,-2.101516103878966,0
0.5338295117610747,1.5807788277892012,1
0.8346501755543676,-0.5271040017906086,0
1.0421018352832263,-0.17190340045481145,0
0.6772271779978543,1.038598132835517,1
2.183203397338802,1.2575588836301352,1
1.890783785983103,0.15187615151467315,0
1.1260215067872115,-0.7509614585446207,0
-0.7375034533345184,0.11033948620719158,1
2.825164099313241,1.0555138120150616,1
-0.03833263114344365,0.46699384001432365,1
-0.7670408683582226,-0.6702042947746195,0
-0.20275881482803493,0.3236410790344555,0
-0.9162812226382022,-0.8126246653077225,0
1.6263413322094982,1.3807347178813012,1
-1.2759304886402822,1.8483786546251664,1
-1.1095535138078434,-1.1046811416595474,0
-1.281736047764087,-1.4632620504307225,0
1.6997215516665292,-2.404676607000055,0
0.9038741236404145,-1.3468160676285097,0
1.3617492611087,0.15793416333652166,0
1.447611102413456,0.012591476476196961,0
1.9085058778781372,-0.4231255466380115,0
-1.5807546097572986,-1.86033571398849,0
-1.2545587585976559,-1.5756265943399579,0
-0.1610943770768789,1.1208108145898614,1
-1.5849434597073857,-1.8913337904672232,0
-0.6752753261448285,0.676346714985453,1
2.420761236073134,1.463165658796316,1
0.9276938920142488,-0.47572124733329957,0
0.7249155852761228,1.5638918308521146,1
-1.3942630293833975,1.7347154308815684,1
1.7834836846254962,-0.444285029482434,0
0.8535551142728592,0.7445024427768275,1
-0.3217812893748544,0.07607473057820013,0
-1.2551052021373197,-1.600161519391626,0
-0.9993372514450178,1.909549757562163,1
-0.9294542526800986,-0.8464798568856546,0
-1.174953791232829,1.1756185938377721,1
-0.6784821198574955,-0.49608533923217957,0
-0.6662868546616492,-0.6231566718951502,0
-0.29391549078075907,0.923523066998615,1
0.9990459051884892,-1.9287023081895447,0
-1.2259901400098052,-1.3736073463465877,0
-0.7668257429600356,0.8211051594043572,1
1.3969799412920145,-0.839667115544807,0
-1.1430520983305372,-1.145684911576354,0
-0.7865101129286043,-0.7735238582571624,0
-1.464504579315646,2.0712960142749064,1
-0.8197541402286062,0.8563116590773687,1
-1.7125460556205199,-2.1832855012564396,0
0.7840619163326141,-1.914596788849562,0
-1.0868685755281549,-1.2362676440480045,0
-0.6520325937970312,-0.3794367456120208,0
1.352041975266895,-1.5652437674701805,0
-0.6609569772560981,-0.4420287594556823,0
0.49330366956768323,-1.1439316932594008,0
-1.4322697455016729,-1.7459648075772545,0
-1.152057975129593,1.022958990629982,1
-0.8847125123623225,-0.9695965906038168,0
1.7530760148145133,0.7484361144571359,1
-0.4992190488988071,0.9608830343906208,1
-1.2821785334342455,-1.6166918069539074,0
-0.7623411733813832,0.29001771685621514,1
0.01583463853570022,0.16388486246476552,1
1.274664112974706,0.6272402292103567,1
0.23450791377156122,-0.9310243682540935,0
1.0728668773797188,-0.6628559246754154,0
-1.1426317856694683,1.1305109308641172,1
-1.2705266073320056,-1.2929573321218355,0
-0.645985330967995,-0.45659911623051275,0
-1.153507727736873,-1.1745323516128139,0
0.166963774956158,0.08438589633365856,0
1.252164143046543,1.4958018523622938,1
-1.4233336113022237,-1.5771636484784313,0
-2.9079189544364605,2.7652526161240822,1
-2.5998694335928274,2.673622881306362,1
0.8170753142738625,1.4067117489405316,1
-0.49438383494726734,-0.08158751416408372,0
-1.4287550819267967,-1.560556463014569,0
-1.7726217549056082,1.732993296126692,1
-0.9945368409375412,-1.0909487805649218,0
1.0674621925891257,-0.45005666643178355,0
-1.4881279171412682,0.6265790521126586,1
-0.12980920973855992,-1.5951878944277915,0
-0.5963279420747547,1.1224162987600075,1
-0.10781338315455824,0.6794663053171606,1
2.3247097170640556,0.4535185693934358,1
0.8757598443122369,-0.17345237898459986,0
-1.434779417059461,0.32727705438302634,1
0.5229007628039478,1.134394929165518,1
-1.373416837528539,1.122182936246756,1
-0.7104127568043697,0.7730497917562498,1
2.9265510110934523,0.8139800951210873,1
-0.10559714498447148,0.9954279661141772,1
1.2282210010709924,-2.1206547992805422,0
-1.1136717934394387,-1.2202115576966388,0
0.4861005069801655,0.7902713178369891,1
-1.351879399553557,-1.5154132278852175,0
-1.3561218619459614,-1.4234940020527291,0
-0.1621033141731122,0.9406996706167722,1
-3.1302667008104836,1.753494701126766,1
-1.0385676886027904,-1.2081968272113492,0
1.591470556869295,-1.2774287891625233,0
1.9877646558199782,-0.2544825157006628,0
0.7184559840676762,-1.14808473873764,0
-1.1471451279752523,-1.3064498343897246,0
1.895060469017653,-0.7979437035298286,0
-0.8470300753863527,1.3965303130834466,1
-0.489320395468022,-0.30387462751018357,0
1.1740920798646635,-1.5487800502395368,0
1.7070325105289514,-1.4610942916897673,0
0.3243330025705994,-1.511198885484232,0
1.9585612847638487,1.2850949406330066,1
2.397530799068412,1.3713210782559233,1
-0.3103014840640912,0.5920286915696606,1
0.47285539335592264,1.161179283434143,1
-0.9810702460780555,-0.841635922104384,0
-1.959106838587674,0.7426711959767464,1
-1.3042099999906416,-1.5002283812387969,0
-1.8998480036932532,1.0503663123568086,1
-0.8022783916741925,1.5478266802696368,1
-0.6379354149333458,-0.44771956765374366,0
1.0788945753339447,-1.1899835183097933,0
-0.4820196741908892,0.41466674227574796,1
-1.728993434572844,1.308576826446064,1
1.2212948864831508,-1.160773666562731,0
1.1434443267973005,1.0742805315417958,1
0.2613309828285755,0.23711525712807902,1
-0.9831532199232111,-0.9122139520885469,0
1.5235284632823358,1.0576708302018922,1
-1.1371603146261133,-1.1546922128870258,0
-1.112655495180289,-1.3709958969233678,0
1.2963853565238355,-1.455902399340201,0
-1.0695603707894334,-1.1875038412177854,0
1.1008055748648227,-1.938625137472729,0
0.2767324973245302,-2.376994328218565,0
-2.6081895010010543,-3.7288067648752397,1
-0.7609952891943579,-0.55678473609839,0
-1.0006248047084907,-0.9667349587788738,0
1.375130114966155,1.6274937015460034,1
-0.7507426562046551,-0.48858835507312204,0
-1.4215958528976091,-1.4982129902396089,0
-1.2120823351009293,-1.3615739015447894,0
-1.122820744816655,0.8261909445560633,1
2.2032849827425576,1.1541778518999397,1
-0.8663252884594713,0.41645344224515746,1
1.0681892108524575,0.5386006323440218,1
0.9379265283884652,-0.3840525689950516,0
-0.6179507327706881,0.31720863818200085,1
0.6495820744275964,0.7034169884648129,0
-1.317924287452197,2.619118339322525,1
-2.4450602168103055,0.9227824296450822,1
-1.2873317124471364,1.2746768229454672,1
1.0835184887767924,-0.6292371994527697,0
-1.2803997764551962,-1.4691823583017474,0
0.5699370335410907,-0.2705165332751893,0
-1.493932615738166,2.702387221816913,1
-1.8715864136365055,1.0043338798423571,1
-0.7398215978664131,-0.6709780179375204,0
0.8624116355697329,-0.6401221543805148,0
-0.6508327506403457,1.0387884807244314,1
0.9849370370486628,-0.25278842473797003,0
1.699815940604544,-0.6485110770428002,0
-1.3055570846025535,0.4225799803195399,1
-1.4566563325473052,-1.669032429086117,0
1.4978034179602115,-0.8930090149292911,0
0.10252442455959476,0.7636238872342321,1
-0.09273843912827362,0.13824954441176407,1
1.5908183216048641,-0.3404939346721235,0
-1.0071912590837258,-0.9801190067692224,0
-1.0849007758222793,-1.1996906434790875,0
-0.7581083144387948,1.2876666098890215,1
-2.507423866492693,2.217725234625176,1
-0.9178209164230479,-0.26721948698074716,1
0.39082692458993307,-1.5540733300090381,0
1.2160456620656572,-0.32830004659855616,0
-1.0992607476994072,-1.2239577936429915,0
1.1031976724695216,-1.596249508317523,0
0.6490917660155353,-1.656032878198452,0
1.599001955951322,1.0114873642024922,1
-0.4816797827962217,1.2233719378301682,1
-0.09473345397678423,0.20425220561112667,0
-0.9513824723911227,-0.8914814010827794,0
0.13960539053311605,-0.8829894347468199,1
2.5375374352443743,1.3199119059705247,1
1.6830223819094725,-0.11612265195794036,0
-1.3767465779910506,2.3220004273735464,1
-1.0768737869707101,-1.1496736362123816,0
0.03812399597741889,1.2412613408930353,1
-0.5720699107322247,0.7822716072794755,1
0.5092237675249596,0.8713506939127105,1
-0.945645917022294,-0.9261898876657009,0
-1.1611868978378315,1.6154409461183312,1
2.907522185849661,1.1845988680450812,1
-2.164676368004687,1.953394288254036,1
-1.2676315675191696,-1.3008588885001242,0
-0.976350090795337,-0.7392141371720453,0
-1.2598157554089013,-1.3240226683841394,0
0.0962601491044699,-0.12172479839953432,0
0.499519323125976,0.782119285223502,1
-1.3307115560568523,-1.363744549735849,0
-1.1432206970648169,-1.2550901177950058,0
-1.4885345039973992,-1.6935848239550753,0
-0.1410905979118422,0.48835252574733024,1
-0.7889265075424979,-0.6851276967345687,0
1.4822810556502564,0.6413396742660067,1
1.7853250222555985,0.6283509262575082,1
-1.2505474121090263,2.1120968514242735,1
0.805784817792077,-0.013571056961350081,0
1.2558677372401001,-1.8996382564154026,0
-0.2607820613917673,1.2243859259165701,1
-1.698062088351783,1.3674583879093412,1
0.9830409315800992,-1.2842541458944414,0
-1.252799700507091,-1.3362530553028937,0
-0.9999261220907443,0.5804099513051044,1
-1.0653462296474707,-1.1991733366139181,0
-1.357502011199824,-1.499918663791705,0
-1.4755247769155675,-1.627031101919123,0
-1.672611853558134,-2.1868795746829406,0
-0.019769605076602415,0.23491148765067082,1
-1.7325280051235694,2.591197837478293,1
0.7897226760532527,-1.023146784252984,0
-1.1063453166287562,1.2590900862497543,1
-0.4754340015321472,0.6581964547884039,1
-0.6138637985228003,-0.35983140514427203,0
-0.9653834058094951,-0.7812474118874164,0
-1.2925029312543725,2.322969103446281,1
-1.6785267253242973,0.9071210849342168,1
-0.13894588876809222,0.5593326025719398,1
-1.0397961658733876,-1.1560956152785753,0
-1.5255578962506544,-1.8016505240399754,0
-1.1731848041314588,1.561618187882973,1
0.49943963010109305,1.3891387842830838,1
-0.014917601455677776,-0.082548019403893,0
1.7034457581406297,-1.992079647235507,0
-0.46951349310125945,1.1903863440591047,1
-1.3975509750215516,1.9912115675158542,1
-0.6340396755429454,-0.33370478358447586,0
1.310204858988309,0.7593609939355099,1
-0.40003374634187583,-0.011294471030993791,0
0.6368790495670551,0.2006431989833628,0
-1.3548079105183992,-1.2758958361306743,0
0.8261012559538148,1.091283162740816,1
-0.37275968616222344,-0.5687327077754156,1
1.727489470240846,0.9155675317732053,1
0.10557464710203024,0.42968758639285964,1
-0.9587672105423908,2.4556194236642,1
-1.034513817458094,-1.2084586013413796,0
0.8687146511390261,1.243055208716545,1
0.7027700844523754,-0.6584927788439429,0
-0.6721393160377218,1.1347436062829042,1
-2.143659679406677,1.9946901390367686,1
-1.0539039197778683,-1.1082000439896675,0
0.6728170090831911,-0.31275174165868513,0
-0.745756412585715,-0.5889412810219514,0
-0.7198806214521568,-0.6674400456093548,0
1.144907797238273,-0.938753921927432,0
1.0166762870555697,0.6350759487068085,1
-0.860213829963983,-0.835307877310667,0
0.19045942253951664,0.5186408052894904,1
-1.113164070198768,0.919006678180591,1
0.2629907435059152,-0.4076325652746806,0
-1.1158318531900764,1.450665573586005,1
-0.2600854922521155,0.16574195775525147,0
1.3672072707797553,0.65299565433688,1
-1.0802670914699986,1.542294966722321,1
-1.5413088675600037,-1.7715885282853239,0
0.9149433680028427,-0.7901250207193388,0
-1.2303192624759505,-1.3008836063891849,0
-0.5285794383462894,-2.426979509112724,0
0.9151741848983639,-1.7947364438450495,0
-1.5610241599490469,-1.8251711235550863,0
-1.1349110951866126,-1.22176327031876,0
-2.0187932619443663,1.2131173926680716,1
-1.3224524510743019,2.161066155551394,1
-0.06183254487507639,1.5024454344725027,1
0.9756431859688657,-2.8770304265151156,0
1.04248966230503,-1.2910328644530624,0
-1.2641358309897317,1.534124376456218,1
2.3380498403832446,0.6244347452597394,1
1.825890428887155,-2.378589127786041,0
1.3908437206401016,-1.752008677134915,0
0.3844482694928367,-0.614062857741726,0
0.6435483593160756,0.6378876692107708,1
1.6086894869625714,-0.7727012688781475,0
-1.0769538721772596,1.1223755502104158,1
0.48301658550547955,0.7936349115160377,1
-1.9983432172401705,1.0796184564959144,1
0.2202409326688951,1.1951303985245874,1
-0.7889242283266332,0.6468184730400183,1
-1.852499667011284,1.9226577353417302,1
-2.055995178589824,2.335264191240865,1
-1.2268777583363653,-0.20535706492738814,1
-1.2456203077300811,-1.3159905827832887,0
-1.954815856210665,2.50240287841704,1
-0.8895864010117582,1.655928246187422,1
-1.0181070704955006,-1.0130486453186731,0
0.7447156635630174,-1.7679347755492314,0
-1.2122615069883569,-1.3974502233613841,0
1.3117482904573057,-0.6199332099962235,0
0.09165249096530359,-0.7437937464231323,0
-1.1598319235466843,-1.3607469796734604,0
-0.6204344489989865,0.34298599036896704,1
1.1861258232882277,1.2169896826192277,1
1.2338581016974104,1.378116400325652,1
1.663929653936388,0.6877815556725897,1
2.0753579473746555,1.2693926328819851,1
2.0379446738867957,-2.113004072566863,0
-0.04474099353175198,0.9331710191012474,1
0.663286536982624,-0.969831836705946,0
-2.098504062016211,0.992618913605203,1
1.3265338717550021,-0.5617356214358569,0
0.603989581277359,-1.2607797946711548,0
0.9897932692020908,-1.9357697403291265,0
1.453998868889926,-0.24409978245543762,0
-1.686184173622768,1.4188037787219265,1
0.9763711968769541,0.39626654712419684,0
2.6282940428520405,1.0418506861722159,1
-0.5677123285493433,1.3153682997755096,1
-0.12346362155187118,0.3188597973302232,0
0.1324915711350354,0.7878043012470926,0
-0.7831273428324921,-0.4966621502918158,0
1.9001779466569664,0.5444133739633381,0
0.13495204552346562,-0.9385130401756339,1
1.4964159447260994,1.2925696507061035,1
0.01314302266807088,0.6086341877151238,0
-1.5252311663910987,1.218715202000435,1
1.5129296401672314,1.3927842812023883,0
1.4774757721514378,-0.31690606974384217,0
-0.3980571151350194,0.6942491804020333,1
1.3089110420177146,1.2400124483467219,1
-0.3089132622998978,1.1351968575307956,1
-1.5298189834123446,0.18442888367752264,1
2.1831020964532577,1.682144855872433,1
0.7375574392709566,-0.0180106398854728,0
-1.0543807917740398,-1.1533021623022035,0
1.105483619843312,-2.03190584286948,0
3.151764793582918,0.5893061354059634,1
0.5704878570771722,-0.44764421075026695,0
-1.2238849651858692,-1.3487561807899477,0
-1.2420994954073497,1.8908446512157768,1
1.2853315441921516,-1.0196255185409533,0
3.169242458037904,1.060606648334658,1
-0.29174896802450634,0.5556791447827596,0
1.8741338979567417,-1.0910005760673114,0
0.8310476706084116,1.2346601686958765,1
-1.3444985100576774,-1.3746232348447385,0
-1.4679101541963409,-1.972818545877808,0
1.6456181669854362,1.0162425474059174,1
1.1210287087757516,1.08575187972853,1
-0.5392567487549995,0.8207520464724896,1
2.275772642526356,-1.039007634386571,0
-0.8799157508897107,-0.8989648571067077,0
-0.07114280267841311,0.507338718070695,1
1.2888671835650007,0.3292095493281285,1
1.5166794409260556,0.17380829382037422,0
-0.6591048347341629,0.8050203096773886,1
1.574427183418629,-0.5859532451016353,0
2.1963542481608584,1.448294831247744,1
-0.15515768148023668,1.1333666438891905,1
0.2090220579335229,0.9220903239017173,1
0.5599833414965847,1.0536394030473442,1
-0.5420737678318084,0.3360354062910753,1
3.0292534474213935,1.2959152871392394,1
0.44879365072251987,-1.3839328832119906,0
0.3199091167054784,-2.2116883451722282,0
-2.425479570752723,1.1379915792360427,1
-1.8459142919386515,0.9445999644236228,1
1.4520753219672013,0.7063076504503725,1
0.8854610439676197,-0.4805242002303505,0
1.3785771236951365,-0.3913811449706721,0
0.6800048555451388,-1.9748902844419147,0
-0.9521327018617838,-0.9323818449282028,0
1.3401055627158298,1.125961827774805,1
1.7228900636618745,0.7200743615630858,1
1.582900235650577,0.8481769969657041,1
1.6194953483981842,-0.394911278947208,0
0.14786097992353242,-1.1413935355522842,0
1.0705893340476589,-0.4450145847018968,0
0.3916269274463203,0.8377702320247724,1
0.250256132298755,0.3754240936286375,1
-0.25037963960544585,-3.080463633837217,0
-1.0884803929945748,-1.1698394923383613,0
1.692361422527241,1.0149844366859817,1
0.11833533861072909,-0.8230093872574988,0
-0.9775194973282992,0.45351602167242966,1
-1.570107767263525,-1.907821226077501,0
-1.3536353256803224,1.7431730941392458,1
1.3761397173029994,-0.6482931661607411,0
1.1898387596906892,-0.797654026854735,0
-0.5041259448516593,1.2574310816433891,1
0.2281634950229875,0.7488125325147009,1
1.1466821994851317,-0.4762397801915602,0
1.6838261775058838,1.075066691632768,1
0.8972555581070444,-1.8976599849959008,0
-0.6198861482371212,1.1548827690586274,1
-0.8816743981226697,0.7145312490151886,1
1.183721793664266,0.6512326321571447,1
0.9676354888754697,0.9588789581244951,1
-0.674817918659928,-0.43158646896161024,0
0.7108840947022708,-0.1719149469146286,0
2.5708481097875477,1.7765059225631457,1
-0.48085392444384645,0.43460557636175956,1
0.18826022016076394,1.593041984088143,1
-1.5763811060515636,0.12324917930051549,1
0.7851368548077027,-1.152363261399559,0
-1.5543474916855087,1.9084838588356061,1
0.07480805164575344,1.44731933437573,1
-1.0295054002757882,1.7056047301961732,1
0.2560061360711533,1.1477898655994188,1
0.9437988674512807,-1.399510987948517,0
1.8965101939917077,0.5110382718445725,1
1.3668431796711846,-1.6199783829671248,0
-0.5904065195910704,0.9562791150210509,1
2.1988253222212584,0.7777170698215516,1
0.006648167829379936,0.18500251208158935,1
-0.8613658478326158,0.939808930751258,1
-1.3063191669756562,0.5144961275568196,1
-0.043479077209201966,0.6902438633765291,1
-1.4243849118947713,-1.6839477824174334,0
0.0036038998447964765,1.123135518121837,1
-0.6624863306963353,-0.5246649216547844,0
-1.0444311651461062,-1.1618450197054346,0
1.8214075238880771,1.042707624138208,1
0.3052916958800912,0.7791324637111728,1
0.9884297593708302,-1.486762078581515,0
1.743468685645917,-1.8566834559621168,0
1.0258306414684375,1.054298763797329,1
1.633835857737609,1.1744716983136039,1
-2.159678103460047,3.441110116656181,1
1.3182469439275664,-1.6145872681829836,0
-0.7285329819578963,-0.5373887305523499,0
0.08552633931550946,-0.6866891045709496,0
1.0948944417827156,0.3363887454566984,1
-0.8140302879333968,-0.7425804892422065,0
-0.8324916998117309,0.2083507690007529,1
0.08308200497965612,-0.6919370546951946,0
0.17913532547780664,-1.54407990516915,0
1.07773662996158,0.9223702398574,1
1.097775566174322,0.09757031013837492,0
1.0854060938157595,-0.6140570376190143,0
-1.0095362125158833,-1.0162823189265513,0
-1.741253724025242,-2.1721006998561894,0
2.361217277828629,1.20092366567193,1
1.96682116667154,-1.0865000797416051,0
-0.35962061156616554,0.11709180887892967,1
-1.1537887891862133,-1.152825072708521,0
-0.503679923232728,0.009200708474965014,1
-1.07319744588841,0.5031926008764371,1
1.5526666879671125,0.5252078246388756,1
0.3886851522974606,-1.7270033523995,0
1.397567418279941,0.7655352654021719,1
-1.124399002360351,-1.2547197896017366,0
-0.2064882037109912,-0.6647425849556112,0
0.7736003299473937,-0.1540442682200438,0
2.977637779724959,1.0864052851672008,1
-1.3429320878513085,1.0430609474870762,1
-1.0558897296667702,-1.1455902868563843,1
1.5729734325948885,1.2080055989941934,1
1.044596838459476,-1.440800987714781,0
-0.9368940276499369,-0.9212503280182928,0
0.206547773350646,1.1518650283179548,1
-0.6487651398504647,-0.542161938480374,0
0.0632958083325712,0.5062751224845127,1
1.3571541182761941,0.02126964587732072,0
-0.788008708169275,-0.6200615239508728,0
-1.1656513674042819,-0.26392335365166186,1
2.8002925797902756,1.5084581776269776,1
0.37359324326220156,-1.290265804035073,0
1.8970462654711147,0.5788819319997308,1
1.8588200479391643,-1.293325722644917,0
0.08172477634058728,0.9328812474552541,1
